           1  0.765674055       3.91648126    
AUG-08-2017 17:16:19  
  COV.SPE , t=   2.99999993E-02
   7.01638870E-04   3331970.50      0.765674055       1000.00000       1.80763936       938.255981       1.00000000    
        1700          22   1.08304247E-02   1.01088929       1.51016462    
 1.510165E+00 1.526609E+00 1.543233E+00 1.560038E+00 1.577025E+00 1.594198E+00
 1.611558E+00 1.629106E+00 1.646846E+00 1.664779E+00 1.682907E+00 1.701233E+00
 1.719758E+00 1.738485E+00 1.757416E+00 1.776553E+00 1.795899E+00 1.815455E+00
 1.835224E+00 1.855208E+00 1.875410E+00 1.895832E+00 1.916476E+00 1.937345E+00
 1.958441E+00 1.979768E+00 2.001326E+00 2.023119E+00 2.045149E+00 2.067420E+00
 2.089932E+00 2.112690E+00 2.135696E+00 2.158952E+00 2.182462E+00 2.206227E+00
 2.230251E+00 2.254537E+00 2.279087E+00 2.303905E+00 2.328993E+00 2.354354E+00
 2.379991E+00 2.405907E+00 2.432106E+00 2.458590E+00 2.485362E+00 2.512426E+00
 2.539785E+00 2.567441E+00 2.595399E+00 2.623661E+00 2.652231E+00 2.681112E+00
 2.710307E+00 2.739820E+00 2.769655E+00 2.799814E+00 2.830302E+00 2.861122E+00
 2.892278E+00 2.923773E+00 2.955611E+00 2.987795E+00 3.020330E+00 3.053220E+00
 3.086467E+00 3.120076E+00 3.154052E+00 3.188397E+00 3.223117E+00 3.258214E+00
 3.293694E+00 3.329560E+00 3.365816E+00 3.402467E+00 3.439518E+00 3.476972E+00
 3.514834E+00 3.553108E+00 3.591799E+00 3.630911E+00 3.670449E+00 3.710417E+00
 3.750821E+00 3.791665E+00 3.832953E+00 3.874691E+00 3.916884E+00 3.959536E+00
 4.002653E+00 4.046239E+00 4.090300E+00 4.134840E+00 4.179865E+00 4.225381E+00
 4.271392E+00 4.317905E+00 4.364924E+00 4.412455E+00 4.460504E+00 4.509075E+00
 4.558176E+00 4.607811E+00 4.657987E+00 4.708709E+00 4.759983E+00 4.811816E+00
 4.864213E+00 4.917181E+00 4.970726E+00 5.024853E+00 5.079570E+00 5.134883E+00
 5.190799E+00 5.247323E+00 5.304462E+00 5.362224E+00 5.420615E+00 5.479641E+00
 5.539311E+00 5.599630E+00 5.660606E+00 5.722246E+00 5.784557E+00 5.847547E+00
 5.911222E+00 5.975591E+00 6.040661E+00 6.106440E+00 6.172935E+00 6.240154E+00
 6.308105E+00 6.376795E+00 6.446234E+00 6.516429E+00 6.587388E+00 6.659120E+00
 6.731633E+00 6.804936E+00 6.879037E+00 6.953945E+00 7.029668E+00 7.106216E+00
 7.183598E+00 7.261822E+00 7.340899E+00 7.420835E+00 7.501643E+00 7.583331E+00
 7.665908E+00 7.749384E+00 7.833770E+00 7.919074E+00 8.005307E+00 8.092480E+00
 8.180601E+00 8.269682E+00 8.359733E+00 8.450765E+00 8.542788E+00 8.635813E+00
 8.729851E+00 8.824913E+00 8.921010E+00 9.018153E+00 9.116355E+00 9.215626E+00
 9.315977E+00 9.417421E+00 9.519970E+00 9.623635E+00 9.728430E+00 9.834366E+00
 9.941455E+00 1.004971E+01 1.015914E+01 1.026977E+01 1.038160E+01 1.049465E+01
 1.060893E+01 1.072445E+01 1.084123E+01 1.095929E+01 1.107863E+01 1.119927E+01
 1.132122E+01 1.144450E+01 1.156912E+01 1.169510E+01 1.182245E+01 1.195119E+01
 1.208133E+01 1.221289E+01 1.234588E+01 1.248031E+01 1.261622E+01 1.275360E+01
 1.289248E+01 1.303287E+01 1.317478E+01 1.331825E+01 1.346327E+01 1.360988E+01
 1.375808E+01 1.390790E+01 1.405935E+01 1.421244E+01 1.436720E+01 1.452365E+01
 1.468181E+01 1.484168E+01 1.500330E+01 1.516667E+01 1.533183E+01 1.549878E+01
 1.566755E+01 1.583816E+01 1.601062E+01 1.618497E+01 1.636121E+01 1.653937E+01
 1.671947E+01 1.690154E+01 1.708558E+01 1.727164E+01 1.745971E+01 1.764984E+01
 1.784203E+01 1.803632E+01 1.823272E+01 1.843126E+01 1.863196E+01 1.883485E+01
 1.903995E+01 1.924728E+01 1.945687E+01 1.966874E+01 1.988292E+01 2.009943E+01
 2.031830E+01 2.053955E+01 2.076321E+01 2.098931E+01 2.121787E+01 2.144892E+01
 2.168248E+01 2.191859E+01 2.215727E+01 2.239854E+01 2.264245E+01 2.288901E+01
 2.313825E+01 2.339021E+01 2.364492E+01 2.390239E+01 2.416267E+01 2.442579E+01
 2.469177E+01 2.496064E+01 2.523245E+01 2.550721E+01 2.578497E+01 2.606575E+01
 2.634958E+01 2.663651E+01 2.692657E+01 2.721978E+01 2.751618E+01 2.781581E+01
 2.811871E+01 2.842490E+01 2.873442E+01 2.904732E+01 2.936363E+01 2.968338E+01
 3.000661E+01 3.033336E+01 3.066367E+01 3.099757E+01 3.133511E+01 3.167633E+01
 3.202126E+01 3.236995E+01 3.272244E+01 3.307876E+01 3.343896E+01 3.380309E+01
 3.417118E+01 3.454329E+01 3.491944E+01 3.529969E+01 3.568407E+01 3.607265E+01
 3.646545E+01 3.686254E+01 3.726394E+01 3.766972E+01 3.807992E+01 3.849458E+01
 3.891376E+01 3.933751E+01 3.976586E+01 4.019888E+01 4.063662E+01 4.107912E+01
 4.152645E+01 4.197864E+01 4.243576E+01 4.289786E+01 4.336499E+01 4.383720E+01
 4.431456E+01 4.479711E+01 4.528492E+01 4.577804E+01 4.627653E+01 4.678045E+01
 4.728986E+01 4.780481E+01 4.832537E+01 4.885160E+01 4.938356E+01 4.992131E+01
 5.046492E+01 5.101445E+01 5.156996E+01 5.213152E+01 5.269920E+01 5.327305E+01
 5.385316E+01 5.443958E+01 5.503239E+01 5.563165E+01 5.623744E+01 5.684982E+01
 5.746888E+01 5.809467E+01 5.872728E+01 5.936678E+01 6.001324E+01 6.066674E+01
 6.132736E+01 6.199517E+01 6.267026E+01 6.335269E+01 6.404256E+01 6.473994E+01
 6.544491E+01 6.615755E+01 6.687796E+01 6.760622E+01 6.834240E+01 6.908660E+01
 6.983891E+01 7.059940E+01 7.136818E+01 7.214532E+01 7.293094E+01 7.372511E+01
 7.452792E+01 7.533947E+01 7.615987E+01 7.698920E+01 7.782755E+01 7.867504E+01
 7.953175E+01 8.039780E+01 8.127327E+01 8.215828E+01 8.305293E+01 8.395731E+01
 8.487155E+01 8.579575E+01 8.673000E+01 8.767443E+01 8.862914E+01 8.959425E+01
 9.056987E+01 9.155611E+01 9.255309E+01 9.356093E+01 9.457974E+01 9.560965E+01
 9.665077E+01 9.770323E+01 9.876715E+01 9.984266E+01 1.009299E+02 1.020289E+02
 1.031400E+02 1.042631E+02 1.053984E+02 1.065461E+02 1.077064E+02 1.088792E+02
 1.100648E+02 1.112633E+02 1.124749E+02 1.136997E+02 1.149378E+02 1.161894E+02
 1.174546E+02 1.187336E+02 1.200265E+02 1.213335E+02 1.226548E+02 1.239904E+02
 1.253406E+02 1.267054E+02 1.280852E+02 1.294799E+02 1.308899E+02 1.323152E+02
 1.337560E+02 1.352125E+02 1.366848E+02 1.381732E+02 1.396779E+02 1.411989E+02
 1.427364E+02 1.442907E+02 1.458619E+02 1.474503E+02 1.490559E+02 1.506790E+02
 1.523198E+02 1.539784E+02 1.556552E+02 1.573501E+02 1.590636E+02 1.607956E+02
 1.625466E+02 1.643166E+02 1.661059E+02 1.679147E+02 1.697431E+02 1.715915E+02
 1.734601E+02 1.753489E+02 1.772583E+02 1.791886E+02 1.811398E+02 1.831123E+02
 1.851062E+02 1.871219E+02 1.891595E+02 1.912193E+02 1.933016E+02 1.954065E+02
 1.975343E+02 1.996854E+02 2.018598E+02 2.040579E+02 2.062800E+02 2.085262E+02
 2.107969E+02 2.130923E+02 2.154128E+02 2.177584E+02 2.201297E+02 2.225267E+02
 2.249499E+02 2.273994E+02 2.298756E+02 2.323788E+02 2.349093E+02 2.374673E+02
 2.400531E+02 2.426671E+02 2.453096E+02 2.479808E+02 2.506812E+02 2.534109E+02
 2.561704E+02 2.589599E+02 2.617798E+02 2.646304E+02 2.675120E+02 2.704250E+02
 2.733698E+02 2.763466E+02 2.793558E+02 2.823978E+02 2.854729E+02 2.885815E+02
 2.917239E+02 2.949006E+02 2.981119E+02 3.013581E+02 3.046397E+02 3.079570E+02
 3.113104E+02 3.147004E+02 3.181272E+02 3.215914E+02 3.250933E+02 3.286333E+02
 3.322119E+02 3.358295E+02 3.394864E+02 3.431832E+02 3.469202E+02 3.506979E+02
 3.545168E+02 3.583772E+02 3.622797E+02 3.662247E+02 3.702126E+02 3.742439E+02
 3.783192E+02 3.824388E+02 3.866033E+02 3.908131E+02 3.950688E+02 3.993708E+02
 4.037197E+02 4.081159E+02 4.125600E+02 4.170525E+02 4.215939E+02 4.261848E+02
 4.308256E+02 4.355170E+02 4.402595E+02 4.450536E+02 4.498999E+02 4.547990E+02
 4.597514E+02 4.647578E+02 4.698187E+02 4.749347E+02 4.801064E+02 4.853344E+02
 4.906194E+02 4.959619E+02 5.013625E+02 5.068220E+02 5.123409E+02 5.179200E+02
 5.235598E+02 5.292609E+02 5.350242E+02 5.408503E+02 5.467397E+02 5.526934E+02
 5.587118E+02 5.647958E+02 5.709460E+02 5.771632E+02 5.834481E+02 5.898015E+02
 5.962240E+02 6.027164E+02 6.092796E+02 6.159142E+02 6.226211E+02 6.294010E+02
 6.362548E+02 6.431831E+02 6.501869E+02 6.572670E+02 6.644241E+02 6.716592E+02
 6.789731E+02 6.863667E+02 6.938408E+02 7.013962E+02 7.090339E+02 7.167548E+02
 7.245597E+02 7.324496E+02 7.404255E+02 7.484882E+02 7.566387E+02 7.648779E+02
 7.732069E+02 7.816266E+02 7.901379E+02 7.987420E+02 8.074398E+02 8.162322E+02
 8.251204E+02 8.341053E+02 8.431882E+02 8.523699E+02 8.616516E+02 8.710343E+02
 8.805192E+02 8.901075E+02 8.998001E+02 9.095983E+02 9.195032E+02 9.295159E+02
 9.396377E+02 9.498697E+02 9.602131E+02 9.706691E+02 9.812390E+02 9.919240E+02
 1.002725E+03 1.013644E+03 1.024682E+03 1.035840E+03 1.047120E+03 1.058522E+03
 1.070049E+03 1.081701E+03 1.093480E+03 1.105387E+03 1.117424E+03 1.129592E+03
 1.141892E+03 1.154327E+03 1.166896E+03 1.179603E+03 1.192448E+03 1.205433E+03
 1.218559E+03 1.231829E+03 1.245242E+03 1.258802E+03 1.272510E+03 1.286366E+03
 1.300374E+03 1.314534E+03 1.328849E+03 1.343319E+03 1.357947E+03 1.372734E+03
 1.387682E+03 1.402793E+03 1.418068E+03 1.433510E+03 1.449120E+03 1.464900E+03
 1.480851E+03 1.496977E+03 1.513278E+03 1.529756E+03 1.546414E+03 1.563253E+03
 1.580276E+03 1.597484E+03 1.614880E+03 1.632465E+03 1.650241E+03 1.668211E+03
 1.686377E+03 1.704740E+03 1.723303E+03 1.742069E+03 1.761039E+03 1.780215E+03
 1.799600E+03 1.819197E+03 1.839007E+03 1.859032E+03 1.879276E+03 1.899740E+03
 1.920426E+03 1.941339E+03 1.962478E+03 1.983848E+03 2.005451E+03 2.027289E+03
 2.049365E+03 2.071681E+03 2.094240E+03 2.117044E+03 2.140098E+03 2.163402E+03
 2.186960E+03 2.210774E+03 2.234848E+03 2.259184E+03 2.283785E+03 2.308654E+03
 2.333793E+03 2.359207E+03 2.384897E+03 2.410866E+03 2.437119E+03 2.463658E+03
 2.490485E+03 2.517605E+03 2.545020E+03 2.572733E+03 2.600748E+03 2.629069E+03
 2.657697E+03 2.686638E+03 2.715893E+03 2.745468E+03 2.775364E+03 2.805585E+03
 2.836136E+03 2.867020E+03 2.898240E+03 2.929799E+03 2.961703E+03 2.993953E+03
 3.026555E+03 3.059512E+03 3.092828E+03 3.126507E+03 3.160552E+03 3.194969E+03
 3.229760E+03 3.264929E+03 3.300482E+03 3.336422E+03 3.372753E+03 3.409480E+03
 3.446607E+03 3.484138E+03 3.522078E+03 3.560431E+03 3.599201E+03 3.638394E+03
 3.678014E+03 3.718065E+03 3.758552E+03 3.799480E+03 3.840853E+03 3.882677E+03
 3.924957E+03 3.967697E+03 4.010902E+03 4.054578E+03 4.098729E+03 4.143362E+03
 4.188480E+03 4.234089E+03 4.280196E+03 4.326804E+03 4.373920E+03 4.421549E+03
 4.469696E+03 4.518368E+03 4.567570E+03 4.617308E+03 4.667587E+03 4.718414E+03
 4.769794E+03 4.821733E+03 4.874239E+03 4.927316E+03 4.980971E+03 5.035210E+03
 5.090040E+03 5.145467E+03 5.201497E+03 5.258138E+03 5.315395E+03 5.373276E+03
 5.431787E+03 5.490936E+03 5.550728E+03 5.611171E+03 5.672273E+03 5.734040E+03
 5.796479E+03 5.859599E+03 5.923406E+03 5.987907E+03 6.053111E+03 6.119025E+03
 6.185657E+03 6.253015E+03 6.321105E+03 6.389938E+03 6.459520E+03 6.529859E+03
 6.600965E+03 6.672845E+03 6.745507E+03 6.818961E+03 6.893214E+03 6.968276E+03
 7.044156E+03 7.120862E+03 7.198403E+03 7.276789E+03 7.356028E+03 7.436130E+03
 7.517104E+03 7.598960E+03 7.681707E+03 7.765355E+03 7.849915E+03 7.935395E+03
 8.021805E+03 8.109157E+03 8.197460E+03 8.286725E+03 8.376961E+03 8.468180E+03
 8.560393E+03 8.653609E+03 8.747841E+03 8.843099E+03 8.939394E+03 9.036737E+03
 9.135141E+03 9.234616E+03 9.335175E+03 9.436828E+03 9.539589E+03 9.643468E+03
 9.748479E+03 9.854633E+03 9.961942E+03 1.007042E+04 1.018008E+04 1.029093E+04
 1.040300E+04 1.051628E+04 1.063079E+04 1.074655E+04 1.086358E+04 1.098187E+04
 1.110146E+04 1.122234E+04 1.134455E+04 1.146808E+04 1.159296E+04 1.171920E+04
 1.184681E+04 1.197582E+04 1.210622E+04 1.223805E+04 1.237132E+04 1.250603E+04
 1.264221E+04 1.277988E+04 1.291904E+04 1.305972E+04 1.320193E+04 1.334569E+04
 1.349102E+04 1.363792E+04 1.378643E+04 1.393656E+04 1.408832E+04 1.424173E+04
 1.439681E+04 1.455358E+04 1.471206E+04 1.487226E+04 1.503421E+04 1.519792E+04
 1.536342E+04 1.553071E+04 1.569983E+04 1.587079E+04 1.604361E+04 1.621832E+04
 1.639492E+04 1.657345E+04 1.675393E+04 1.693636E+04 1.712079E+04 1.730722E+04
 1.749569E+04 1.768620E+04 1.787879E+04 1.807348E+04 1.827029E+04 1.846924E+04
 1.867035E+04 1.887366E+04 1.907918E+04 1.928694E+04 1.949696E+04 1.970927E+04
 1.992389E+04 2.014085E+04 2.036017E+04 2.058187E+04 2.080599E+04 2.103256E+04
 2.126159E+04 2.149311E+04 2.172715E+04 2.196375E+04 2.220292E+04 2.244469E+04
 2.268910E+04 2.293617E+04 2.318592E+04 2.343840E+04 2.369363E+04 2.395164E+04
 2.421246E+04 2.447611E+04 2.474264E+04 2.501207E+04 2.528443E+04 2.555976E+04
 2.583809E+04 2.611945E+04 2.640387E+04 2.669139E+04 2.698204E+04 2.727586E+04
 2.757287E+04 2.787312E+04 2.817664E+04 2.848346E+04 2.879363E+04 2.910717E+04
 2.942413E+04 2.974454E+04 3.006843E+04 3.039586E+04 3.072685E+04 3.106144E+04
 3.139968E+04 3.174160E+04 3.208724E+04 3.243665E+04 3.278986E+04 3.314692E+04
 3.350786E+04 3.387274E+04 3.424159E+04 3.461446E+04 3.499138E+04 3.537241E+04
 3.575759E+04 3.614697E+04 3.654058E+04 3.693848E+04 3.734072E+04 3.774733E+04
 3.815838E+04 3.857389E+04 3.899394E+04 3.941855E+04 3.984779E+04 4.028171E+04
 4.072035E+04 4.116376E+04 4.161201E+04 4.206513E+04 4.252319E+04 4.298624E+04
 4.345433E+04 4.392752E+04 4.440586E+04 4.488940E+04 4.537821E+04 4.587235E+04
 4.637187E+04 4.687682E+04 4.738728E+04 4.790330E+04 4.842493E+04 4.895224E+04
 4.948530E+04 5.002416E+04 5.056888E+04 5.111954E+04 5.167620E+04 5.223892E+04
 5.280776E+04 5.338280E+04 5.396410E+04 5.455173E+04 5.514576E+04 5.574626E+04
 5.635330E+04 5.696695E+04 5.758728E+04 5.821436E+04 5.884828E+04 5.948909E+04
 6.013689E+04 6.079173E+04 6.145371E+04 6.212290E+04 6.279938E+04 6.348321E+04
 6.417450E+04 6.487332E+04 6.557974E+04 6.629386E+04 6.701575E+04 6.774551E+04
 6.848321E+04 6.922895E+04 6.998280E+04 7.074486E+04 7.151522E+04 7.229397E+04
 7.308120E+04 7.387700E+04 7.468147E+04 7.549470E+04 7.631678E+04 7.714782E+04
 7.798791E+04 7.883714E+04 7.969562E+04 8.056345E+04 8.144073E+04 8.232756E+04
 8.322405E+04 8.413030E+04 8.504642E+04 8.597252E+04 8.690870E+04 8.785507E+04
 8.881175E+04 8.977884E+04 9.075647E+04 9.174474E+04 9.274378E+04 9.375370E+04
 9.477461E+04 9.580664E+04 9.684991E+04 9.790453E+04 9.897064E+04 1.000484E+05
 1.011378E+05 1.022391E+05 1.033524E+05 1.044779E+05 1.056156E+05 1.067656E+05
 1.079282E+05 1.091035E+05 1.102916E+05 1.114926E+05 1.127067E+05 1.139340E+05
 1.151746E+05 1.164288E+05 1.176966E+05 1.189782E+05 1.202738E+05 1.215835E+05
 1.229075E+05 1.242459E+05 1.255988E+05 1.269665E+05 1.283491E+05 1.297467E+05
 1.311595E+05 1.325878E+05 1.340316E+05 1.354911E+05 1.369665E+05 1.384580E+05
 1.399657E+05 1.414898E+05 1.430305E+05 1.445880E+05 1.461625E+05 1.477541E+05
 1.493630E+05 1.509895E+05 1.526336E+05 1.542957E+05 1.559759E+05 1.576743E+05
 1.593913E+05 1.611270E+05 1.628815E+05 1.646552E+05 1.664482E+05 1.682607E+05
 1.700929E+05 1.719451E+05 1.738175E+05 1.757102E+05 1.776236E+05 1.795578E+05
 1.815130E+05 1.834896E+05 1.854876E+05 1.875075E+05 1.895493E+05 1.916134E+05
 1.936999E+05 1.958091E+05 1.979414E+05 2.000968E+05 2.022757E+05 2.044783E+05
 2.067050E+05 2.089558E+05 2.112312E+05 2.135314E+05 2.158566E+05 2.182071E+05
 2.205832E+05 2.229852E+05 2.254134E+05 2.278680E+05 2.303493E+05 2.328577E+05
 2.353933E+05 2.379566E+05 2.405478E+05 2.431671E+05 2.458151E+05 2.484918E+05
 2.511977E+05 2.539331E+05 2.566982E+05 2.594935E+05 2.623192E+05 2.651757E+05
 2.680632E+05 2.709822E+05 2.739331E+05 2.769160E+05 2.799314E+05 2.829797E+05
 2.860611E+05 2.891761E+05 2.923250E+05 2.955082E+05 2.987261E+05 3.019790E+05
 3.052674E+05 3.085915E+05 3.119519E+05 3.153488E+05 3.187828E+05 3.222541E+05
 3.257632E+05 3.293105E+05 3.328965E+05 3.365215E+05 3.401860E+05 3.438903E+05
 3.476351E+05 3.514206E+05 3.552473E+05 3.591157E+05 3.630262E+05 3.669793E+05
 3.709754E+05 3.750151E+05 3.790988E+05 3.832269E+05 3.873999E+05 3.916184E+05
 3.958829E+05 4.001938E+05 4.045516E+05 4.089568E+05 4.134101E+05 4.179118E+05
 4.224626E+05 4.270629E+05 4.317133E+05 4.364144E+05 4.411666E+05 4.459706E+05
 4.508269E+05 4.557361E+05 4.606988E+05 4.657155E+05 4.707868E+05 4.759133E+05
 4.810957E+05 4.863344E+05 4.916303E+05 4.969838E+05 5.023956E+05 5.078663E+05
 5.133966E+05 5.189872E+05 5.246386E+05 5.303515E+05 5.361266E+05 5.419647E+05
 5.478663E+05 5.538322E+05 5.598630E+05 5.659595E+05 5.721224E+05 5.783524E+05
 5.846502E+05 5.910167E+05 5.974524E+05 6.039582E+05 6.105349E+05 6.171832E+05
 6.239039E+05 6.306978E+05 6.375657E+05 6.445083E+05 6.515266E+05 6.586212E+05
 6.657932E+05 6.730432E+05 6.803721E+05 6.877809E+05 6.952703E+05 7.028413E+05
 7.104948E+05 7.182316E+05 7.260526E+05 7.339588E+05 7.419511E+05 7.500304E+05
 7.581978E+05 7.664540E+05 7.748001E+05 7.832371E+05 7.917660E+05 8.003878E+05
 8.091034E+05 8.179139E+05 8.268204E+05 8.358239E+05 8.449254E+05 8.541261E+05
 8.634269E+05 8.728290E+05 8.823335E+05 8.919415E+05 9.016541E+05 9.114725E+05
 9.213978E+05 9.314312E+05 9.415738E+05 9.518269E+05 9.621916E+05 9.726692E+05
 9.832609E+05 9.939679E+05 1.004792E+06 1.015733E+06 1.026794E+06 1.037975E+06
 1.049277E+06 1.060703E+06 1.072254E+06 1.083930E+06 1.095733E+06 1.107665E+06
 1.119726E+06 1.131919E+06 1.144245E+06 1.156705E+06 1.169301E+06 1.182034E+06
 1.194905E+06 1.207917E+06 1.221070E+06 1.234367E+06 1.247808E+06 1.261396E+06
 1.275132E+06 1.289017E+06 1.303053E+06 1.317243E+06 1.331587E+06 1.346087E+06
 1.360744E+06 1.375562E+06 1.390541E+06 1.405683E+06 1.420990E+06 1.436463E+06
 1.452106E+06 1.467918E+06 1.483902E+06 1.500061E+06 1.516396E+06 1.532908E+06
 1.549600E+06 1.566474E+06 1.583532E+06 1.600776E+06 1.618207E+06 1.635828E+06
 1.653641E+06 1.671648E+06 1.689851E+06 1.708253E+06 1.726854E+06 1.745658E+06
 1.764668E+06 1.783884E+06 1.803309E+06 1.822946E+06 1.842796E+06 1.862863E+06
 1.883148E+06 1.903654E+06 1.924384E+06 1.945339E+06 1.966522E+06 1.987936E+06
 2.009584E+06 2.031466E+06 2.053588E+06 2.075950E+06 2.098556E+06 2.121407E+06
 2.144508E+06 2.167860E+06 2.191466E+06 2.215330E+06 2.239453E+06 2.263839E+06
 2.288491E+06 2.313411E+06 2.338602E+06 2.364068E+06 2.389811E+06 2.415834E+06
 2.442141E+06 2.468734E+06 2.495617E+06 2.522792E+06 2.550264E+06 2.578034E+06
 2.606108E+06 2.634486E+06 2.663174E+06 2.692174E+06 2.721490E+06 2.751125E+06
 2.781082E+06 2.811366E+06 2.841980E+06 2.872928E+06 2.904212E+06 2.935836E+06
 2.967806E+06 3.000123E+06 3.032792E+06 3.065817E+06 3.099202E+06 3.132950E+06
 3.167065E+06 3.201552E+06 3.236415E+06 3.271657E+06 3.307283E+06 3.343297E+06
 3.379704E+06 3.416506E+06 3.453709E+06 3.491318E+06 3.529336E+06 3.567768E+06
 3.606618E+06 3.645892E+06 3.685593E+06 3.725726E+06 3.766297E+06 3.807309E+06
 3.848768E+06 3.890678E+06 3.933045E+06 3.975873E+06 4.019168E+06 4.062934E+06
 4.107176E+06 4.151900E+06 4.197112E+06 4.242816E+06 4.289017E+06 4.335722E+06
 4.382934E+06 4.430662E+06 4.478908E+06 4.527680E+06 4.576984E+06 4.626824E+06
 4.677206E+06 4.728138E+06 4.779624E+06 4.831670E+06 4.884284E+06 4.937470E+06
 4.991236E+06 5.045587E+06 5.100530E+06 5.156071E+06 5.212217E+06 5.268974E+06
 5.326350E+06 5.384350E+06 5.442982E+06 5.502252E+06 5.562168E+06 5.622736E+06
 5.683963E+06 5.745858E+06 5.808426E+06 5.871676E+06 5.935614E+06 6.000248E+06
 6.065587E+06 6.131637E+06 6.198406E+06 6.265902E+06 6.334134E+06 6.403108E+06
 6.472833E+06 6.543318E+06 6.614570E+06 6.686598E+06 6.759410E+06 6.833015E+06
 6.907422E+06 6.982638E+06 7.058674E+06 7.135538E+06 7.213240E+06 7.291786E+06
 7.371189E+06 7.451456E+06 7.532597E+06 7.614622E+06 7.697540E+06 7.781360E+06
 7.866094E+06 7.951750E+06 8.038339E+06 8.125871E+06 8.214356E+06 8.303804E+06
 8.394227E+06 8.485634E+06 8.578037E+06 8.671446E+06 8.765872E+06 8.861326E+06
 8.957820E+06 9.055364E+06 9.153971E+06 9.253651E+06 9.354417E+06 9.456280E+06
 9.559252E+06 9.663345E+06 9.768572E+06 9.874945E+06 9.982476E+06 1.009118E+07
 1.020106E+07 1.031215E+07 1.042444E+07 1.053795E+07 1.065270E+07 1.076870E+07
 1.088597E+07 1.100451E+07 1.112434E+07 1.124548E+07 1.136793E+07 1.149172E+07
 1.161686E+07 1.174336E+07 1.187123E+07 1.200050E+07 1.213118E+07 1.226328E+07
 1.239682E+07 1.253181E+07 1.266827E+07 1.280622E+07 1.294567E+07 1.308664E+07
 1.322914E+07 1.337320E+07 1.351883E+07 1.366604E+07 1.381485E+07 1.396528E+07
 1.411736E+07 1.427108E+07 1.442648E+07 1.458358E+07 1.474238E+07 1.490292E+07
 1.506520E+07 1.522925E+07 1.539508E+07 1.556273E+07 1.573219E+07 1.590351E+07
 1.607668E+07 1.625175E+07 1.642872E+07 1.660762E+07 1.678846E+07 1.697127E+07
 1.715608E+07 1.734290E+07 1.753175E+07 1.772266E+07 1.791565E+07 1.811073E+07
 1.830795E+07 1.850731E+07 1.870884E+07 1.891257E+07 1.911851E+07 1.932670E+07
 1.953715E+07 1.974990E+07 1.996496E+07 2.018236E+07 2.040214E+07 2.062430E+07
 2.084888E+07 2.107591E+07 2.130542E+07 2.153742E+07 2.177194E+07 2.200903E+07
 2.224869E+07 2.249096E+07 2.273587E+07 2.298345E+07 2.323372E+07 2.348672E+07
 2.374247E+07 2.400101E+07 2.426237E+07 2.452657E+07 2.479364E+07 2.506363E+07
 2.533655E+07 2.561245E+07 2.589135E+07 2.617329E+07 2.645830E+07 2.674641E+07
 2.703766E+07 2.733208E+07 2.762971E+07 2.793058E+07 2.823472E+07 2.854218E+07
 2.885298E+07 2.916717E+07 2.948478E+07 2.980585E+07 3.013041E+07 3.045851E+07
 3.079018E+07 3.112547E+07 3.146440E+07 3.180703E+07 3.215338E+07 3.250351E+07
 3.285745E+07 3.321524E+07 3.357694E+07 3.394256E+07 3.431218E+07 3.468581E+07
 3.506352E+07 3.544533E+07 3.583131E+07 3.622148E+07 3.661591E+07 3.701463E+07
 3.741770E+07 3.782515E+07 3.823704E+07 3.865341E+07 3.907432E+07 3.949981E+07
 3.992994E+07 4.036474E+07 4.080429E+07 4.124862E+07 4.169778E+07 4.215184E+07
 4.261085E+07 4.307485E+07 4.354390E+07 4.401807E+07 4.449739E+07 4.498194E+07
 4.547176E+07 4.596691E+07 4.646746E+07 4.697346E+07 4.748496E+07 4.800204E+07
 4.852475E+07 4.905315E+07 4.958730E+07 5.012728E+07 5.067313E+07 5.122492E+07
 5.178273E+07 5.234660E+07 5.291662E+07 5.349284E+07 5.407534E+07 5.466419E+07
 5.525944E+07 5.586118E+07 5.646947E+07 5.708438E+07 5.770599E+07 5.833436E+07
 5.896958E+07 5.961172E+07 6.026085E+07 6.091704E+07 6.158039E+07 6.225096E+07
 6.292882E+07 6.361408E+07 6.430679E+07 6.500704E+07 6.571492E+07 6.643051E+07
 6.715390E+07 6.788515E+07 6.862438E+07 6.937165E+07 7.012706E+07 7.089069E+07
 7.166264E+07 7.244299E+07 7.323185E+07 7.402929E+07 7.483542E+07 7.565032E+07
 7.647410E+07 7.730685E+07 7.814866E+07 7.899965E+07 7.985990E+07 8.072951E+07
 8.160860E+07 8.249726E+07 8.339559E+07 8.430371E+07 8.522172E+07 8.614973E+07
 8.708784E+07 8.803617E+07 8.899482E+07 8.996390E+07 9.094354E+07 9.193386E+07
 9.293495E+07 9.394694E+07 9.496996E+07 9.600411E+07 9.704953E+07 9.810633E+07
 9.917464E+07 1.002546E+08 1.013463E+08 1.024499E+08 1.035655E+08 1.046932E+08
 1.058333E+08 1.069857E+08 1.081507E+08 1.093284E+08 1.105189E+08 1.117224E+08
 1.129390E+08 1.141688E+08 1.154120E+08 1.166688E+08 1.179392E+08 1.192235E+08
 1.205217E+08 1.218341E+08 1.231608E+08 1.245020E+08 1.258577E+08 1.272282E+08
 1.286136E+08 1.300141E+08 1.314299E+08 1.328611E+08 1.343078E+08 1.357703E+08
 1.372488E+08 1.387433E+08 1.402541E+08 1.417814E+08 1.433253E+08 1.448860E+08
 1.464637E+08 1.480586E+08 1.496709E+08 0.000000E+00 0.000000E+00 0.000000E+00
         373          22          64          64        1020   0.00000000       5.99999987E-02   13968.0713       4.19213530E-03
        1077   173817.469       1.22670190E-05  lmax+N, E, h
         373   173006.438       leh, dmp
 1.95675E-18 7.99534E-18 3.12710E-17 1.17126E-16 4.20324E-16 1.44594E-15
 4.77065E-15 1.51045E-14 4.59183E-14 1.34113E-13 3.76550E-13 1.01699E-12
 2.64384E-12 6.62009E-12 1.59771E-11 3.71907E-11 8.35566E-11 1.81321E-10
 3.80319E-10 7.71617E-10 1.51541E-09 2.88306E-09 5.31747E-09 9.51499E-09
 1.65309E-08 2.79060E-08 4.58086E-08 7.31771E-08 1.13846E-07 1.72625E-07
 2.55312E-07 3.68595E-07 5.19844E-07 7.16758E-07 9.66895E-07 1.27710E-06
 1.65285E-06 2.09767E-06 2.61253E-06 3.19544E-06 3.84119E-06 4.54138E-06
 5.28463E-06 6.05703E-06 6.84283E-06 7.62517E-06 8.38695E-06 9.11169E-06
 9.78426E-06 1.03915E-05 1.09228E-05 1.13702E-05 1.17287E-05 1.19961E-05
 1.21728E-05 1.22615E-05 1.22670E-05 1.21955E-05 1.20543E-05 1.18515E-05
 1.15955E-05 1.12948E-05 1.09576E-05 1.05917E-05 1.02043E-05 9.80220E-06
 9.39109E-06 8.97614E-06 8.56174E-06 8.15160E-06 7.74877E-06 7.35571E-06
 6.97432E-06 6.60606E-06 6.25198E-06 5.91276E-06 5.58880E-06 5.28026E-06
 4.98710E-06 4.70909E-06 4.44593E-06 4.19717E-06 3.96232E-06 3.74084E-06
 3.53214E-06 3.33563E-06 3.15069E-06 2.97672E-06 2.81312E-06 2.65931E-06
 2.51473E-06 2.37882E-06 2.25108E-06 2.13099E-06 2.01810E-06 1.91194E-06
 1.81210E-06 1.71818E-06 1.62981E-06 1.54662E-06 1.46830E-06 1.39453E-06
 1.32503E-06 1.25951E-06 1.19773E-06 1.13946E-06 1.08447E-06 1.03255E-06
 9.83508E-07 9.37174E-07 8.93374E-07 8.51953E-07 8.12765E-07 7.75672E-07
 7.40548E-07 7.07274E-07 6.75740E-07 6.45841E-07 6.17481E-07 5.90569E-07
 5.65021E-07 5.40758E-07 5.17705E-07 4.95794E-07 4.74959E-07 4.55140E-07
 4.36281E-07 4.18327E-07 4.01229E-07 3.84940E-07 3.69415E-07 3.54615E-07
 3.40499E-07 3.27031E-07 3.14178E-07 3.01906E-07 2.90186E-07 2.78989E-07
 2.68289E-07 2.58059E-07 2.48277E-07 2.38919E-07 2.29964E-07 2.21394E-07
 2.13187E-07 2.05328E-07 1.97798E-07 1.90583E-07 1.83667E-07 1.77036E-07
 1.70676E-07 1.64575E-07 1.58720E-07 1.53101E-07 1.47706E-07 1.42525E-07
 1.37549E-07 1.32768E-07 1.28174E-07 1.23758E-07 1.19512E-07 1.15430E-07
 1.11503E-07 1.07725E-07 1.04089E-07 1.00590E-07 9.72221E-08 9.39789E-08
 9.08556E-08 8.78472E-08 8.49489E-08 8.21560E-08 7.94644E-08 7.68697E-08
 7.43682E-08 7.19560E-08 6.96296E-08 6.73855E-08 6.52204E-08 6.31312E-08
 6.11149E-08 5.91687E-08 5.72899E-08 5.54758E-08 5.37240E-08 5.20320E-08
 5.03976E-08 4.88185E-08 4.72928E-08 4.58183E-08 4.43933E-08 4.30157E-08
 4.16839E-08 4.03963E-08 3.91511E-08 3.79468E-08 3.67820E-08 3.56552E-08
 3.45650E-08 3.35102E-08 3.24894E-08 3.15015E-08 3.05453E-08 2.96196E-08
 2.87235E-08 2.78558E-08 2.70156E-08 2.62019E-08 2.54139E-08 2.46506E-08
 2.39112E-08 2.31948E-08 2.25008E-08 2.18282E-08 2.11765E-08 2.05450E-08
 1.99328E-08 1.93394E-08 1.87642E-08 1.82066E-08 1.76660E-08 1.71418E-08
 1.66334E-08 1.61405E-08 1.56624E-08 1.51987E-08 1.47490E-08 1.43127E-08
 1.38895E-08 1.34788E-08 1.30805E-08 1.26939E-08 1.23189E-08 1.19549E-08
 1.16017E-08 1.12589E-08 1.09262E-08 1.06032E-08 1.02874E-08 9.95230E-09
 9.47971E-09 8.65607E-09 7.40613E-09 5.96444E-09 4.65265E-09 3.62391E-09
 2.86827E-09 2.31919E-09 1.91395E-09 1.60746E-09 1.36970E-09 1.18096E-09
 1.02809E-09 9.02125E-10 7.96796E-10 7.07611E-10 6.31277E-10 5.65340E-10
 5.07947E-10 4.57647E-10 4.13294E-10 3.73981E-10 3.38983E-10 3.07699E-10
 2.79631E-10 2.54366E-10 2.31567E-10 2.10945E-10 1.92246E-10 1.75252E-10
 1.59784E-10 1.45689E-10 1.32826E-10 1.21071E-10 1.10315E-10 1.00466E-10
 9.14406E-11 8.31610E-11 7.55550E-11 6.85681E-11 6.21507E-11 5.62519E-11
 5.08277E-11 4.58412E-11 4.12557E-11 3.70367E-11 3.31562E-11 2.95863E-11
 2.63037E-11 2.32914E-11 2.05229E-11 1.79697E-11 1.56221E-11 1.34756E-11
 1.15144E-11 9.71894E-12 8.07278E-12 6.56355E-12 5.18227E-12 3.93880E-12
 2.90777E-12 2.16729E-12 1.67495E-12 1.33738E-12 1.09099E-12 9.02156E-13
 7.52603E-13 6.31522E-13 5.31981E-13 4.49249E-13 3.79936E-13 3.21518E-13
 2.72068E-13 2.30074E-13 1.94332E-13 1.63866E-13 1.37875E-13 1.15696E-13
 9.67766E-14 8.06501E-14 6.69213E-14 5.52543E-14 4.53637E-14 3.70041E-14
 2.99635E-14 2.40596E-14 1.91351E-14 1.50539E-14 1.16974E-14 8.96240E-15
 6.76070E-15 5.01542E-15 3.65744E-15 2.62770E-15 1.87591E-15 1.35497E-15
 1.00679E-15 7.67065E-16 5.92254E-16 4.59994E-16 3.58017E-16 2.78572E-16
 2.16348E-16 1.67498E-16 1.29126E-16 9.90101E-17 7.54347E-17 5.70597E-17
 4.28030E-17 3.18076E-17 2.33871E-17 1.69921E-17 1.21869E-17 8.61691E-18
 5.99404E-18 4.11548E-18 2.79229E-18 1.87833E-18 1.26112E-18 8.53378E-19
 5.87564E-19 4.12335E-19 2.90261E-19 2.00950E-19 1.41435E-19 9.94407E-20
 6.94765E-20 4.81269E-20 3.29967E-20 2.23606E-20 1.49576E-20 9.86434E-21
 6.40748E-21 0.00000E+00 0.00000E+00 0.00000E+00 0.00000E+00 0.00000E+00
