         64        1250  n2 & nume
   1        1.796  1.436065E+01  9.813868E-02  4.758518E-04
   2        1.815  1.443997E+01  1.031727E-01  4.947776E-04
   3        1.835  1.452235E+01  1.085104E-01  5.144856E-04
   4        1.855  1.460563E+01  1.139061E-01  5.339250E-04
   5        1.875  1.468981E+01  1.193606E-01  5.530954E-04
   6        1.896  1.477491E+01  1.248745E-01  5.719963E-04
   7        1.916  1.486995E+01  1.335789E-01  6.040653E-04
   8        1.937  1.496833E+01  1.431787E-01  6.389869E-04
   9        1.958  1.506778E+01  1.528830E-01  6.733113E-04
  10        1.980  1.516831E+01  1.626930E-01  7.070404E-04
  11        2.001  1.527049E+01  1.728484E-01  7.411463E-04
  12        2.023  1.538216E+01  1.867960E-01  7.893487E-04
  13        2.045  1.549505E+01  2.008954E-01  8.365872E-04
  14        2.067  1.560917E+01  2.151484E-01  8.828688E-04
  15        2.090  1.572453E+01  2.295565E-01  9.282008E-04
  16        2.113  1.585448E+01  2.390456E-01  9.507751E-04
  17        2.136  1.599655E+01  2.445669E-01  9.555280E-04
  18        2.159  1.614017E+01  2.501484E-01  9.600134E-04
  19        2.182  1.628535E+01  2.557907E-01  9.642360E-04
  20        2.206  1.643754E+01  2.684684E-01  9.933534E-04
  21        2.230  1.660684E+01  3.011414E-01  1.091576E-03
  22        2.255  1.677798E+01  3.341701E-01  1.186633E-03
  23        2.279  1.695098E+01  3.675584E-01  1.278594E-03
  24        2.304  1.712831E+01  4.003734E-01  1.363951E-03
  25        2.329  1.732082E+01  4.284717E-01  1.427314E-03
  26        2.354  1.751543E+01  4.568761E-01  1.488200E-03
  27        2.380  1.771216E+01  4.855897E-01  1.546679E-03
  28        2.406  1.792017E+01  5.152066E-01  1.603018E-03
  29        2.432  1.816177E+01  5.471690E-01  1.657339E-03
  30        2.459  1.840599E+01  5.794795E-01  1.708793E-03
  31        2.485  1.865288E+01  6.121417E-01  1.757490E-03
  32        2.512  1.893067E+01  6.514968E-01  1.815793E-03
  33        2.540  1.924509E+01  6.988271E-01  1.884332E-03
  34        2.567  1.956294E+01  7.466730E-01  1.948184E-03
  35        2.595  1.988425E+01  7.950398E-01  2.007597E-03
  36        2.624  2.024464E+01  8.952773E-01  2.180164E-03
  37        2.652  2.061593E+01  1.006699E+00  2.362976E-03
  38        2.681  2.099128E+01  1.119334E+00  2.533080E-03
  39        2.710  2.139209E+01  1.229588E+00  2.678064E-03
  40        2.740  2.183688E+01  1.334361E+00  2.787876E-03
  41        2.770  2.228652E+01  1.440274E+00  2.887691E-03
  42        2.800  2.274105E+01  1.547341E+00  2.978234E-03
  43        2.830  2.334562E+01  1.690117E+00  3.084863E-03
  44        2.861  2.395767E+01  1.834663E+00  3.177808E-03
  45        2.892  2.457638E+01  1.980782E+00  3.258282E-03
  46        2.924  2.536904E+01  2.204803E+00  3.400115E-03
  47        2.956  2.622524E+01  2.456321E+00  3.540405E-03
  48        2.988  2.709076E+01  2.710579E+00  3.656736E-03
  49        3.020  2.818603E+01  3.114796E+00  3.873381E-03
  50        3.053  2.942694E+01  3.612741E+00  4.110075E-03
  51        3.086  3.068135E+01  4.116108E+00  4.295274E-03
  52        3.120  3.236123E+01  4.986528E+00  4.651113E-03
  53        3.154  3.434002E+01  6.112810E+00  5.024488E-03
  54        3.188  3.634036E+01  7.251358E+00  5.280612E-03
  55        3.223  3.827015E+01  9.966362E+00  6.372630E-03
  56        3.258  4.017408E+01  1.350453E+01  7.517850E-03
  57        3.294  4.209874E+01  1.708123E+01  8.275497E-03
  58        3.330  4.031332E+01  2.290910E+01  1.065544E-02
  59        3.366  3.770374E+01  2.927755E+01  1.284809E-02
  60        3.402  3.494520E+01  3.524588E+01  1.430759E-02
  61        3.440  3.046823E+01  3.470346E+01  1.627251E-02
  62        3.477  2.594251E+01  3.415514E+01  1.856674E-02
  63        3.515  2.255812E+01  3.349374E+01  2.053949E-02
  64        3.553  2.100541E+01  3.265707E+01  2.166003E-02
  65        3.592  1.943579E+01  3.181129E+01  2.289063E-02
  66        3.631  1.853868E+01  3.159954E+01  2.354285E-02
  67        3.670  1.781677E+01  3.155803E+01  2.402872E-02
  68        3.710  1.710474E+01  3.160013E+01  2.447459E-02
  69        3.751  1.643580E+01  3.188376E+01  2.477929E-02
  70        3.792  1.575959E+01  3.217049E+01  2.506847E-02
  71        3.833  1.511198E+01  3.266991E+01  2.521420E-02
  72        3.875  1.446651E+01  3.322837E+01  2.529942E-02
  73        3.917  1.378669E+01  3.396749E+01  2.527601E-02
  74        3.960  1.305806E+01  3.497919E+01  2.509165E-02
  75        4.003  1.228678E+01  3.604532E+01  2.485490E-02
  76        4.046  1.097167E+01  3.779226E+01  2.440364E-02
  77        4.090  9.642251E+00  3.955821E+01  2.386151E-02
  78        4.135  6.595330E+00  4.182872E+01  2.332708E-02
  79        4.180  3.035911E+00  4.426054E+01  2.248769E-02
  80        4.225 -1.719695E+00  4.502998E+01  2.217509E-02
  81        4.271 -7.455296E+00  4.445346E+01  2.188003E-02
  82        4.318 -1.241673E+01  4.217113E+01  2.182116E-02
  83        4.365 -1.608086E+01  3.711893E+01  2.268316E-02
  84        4.412 -1.891539E+01  3.229992E+01  2.305364E-02
  85        4.461 -1.930539E+01  2.824895E+01  2.412994E-02
  86        4.509 -1.946549E+01  2.434563E+01  2.505687E-02
  87        4.558 -1.859723E+01  2.124347E+01  2.664954E-02
  88        4.608 -1.764964E+01  1.832706E+01  2.830911E-02
  89        4.658 -1.631354E+01  1.656740E+01  3.064573E-02
  90        4.709 -1.500584E+01  1.492844E+01  3.331992E-02
  91        4.760 -1.389334E+01  1.395372E+01  3.598812E-02
  92        4.812 -1.283416E+01  1.304897E+01  3.895315E-02
  93        4.864 -1.198746E+01  1.241024E+01  4.168520E-02
  94        4.917 -1.119131E+01  1.184016E+01  4.460666E-02
  95        4.971 -1.051234E+01  1.142305E+01  4.739946E-02
  96        5.025 -9.903002E+00  1.109086E+01  5.016749E-02
  97        5.080 -9.378749E+00  1.086160E+01  5.274278E-02
  98        5.135 -8.992187E+00  1.073379E+01  5.474366E-02
  99        5.191 -8.686313E+00  1.066613E+01  5.636942E-02
 100        5.247 -8.659369E+00  1.062235E+01  5.655631E-02
 101        5.304 -8.699969E+00  1.055570E+01  5.641372E-02
 102        5.362 -8.888515E+00  1.016350E+01  5.575076E-02
 103        5.421 -9.007467E+00  9.688278E+00  5.536247E-02
 104        5.480 -8.994991E+00  9.062004E+00  5.558496E-02
 105        5.539 -8.844731E+00  8.513036E+00  5.648956E-02
 106        5.600 -8.620773E+00  8.002134E+00  5.783899E-02
 107        5.661 -8.376245E+00  7.635970E+00  5.943798E-02
 108        5.722 -8.144550E+00  7.288326E+00  6.101397E-02
 109        5.785 -7.938270E+00  6.975525E+00  6.246324E-02
 110        5.848 -7.779804E+00  6.689746E+00  6.354360E-02
 111        5.911 -7.628147E+00  6.394577E+00  6.454003E-02
 112        5.976 -7.437496E+00  6.019303E+00  6.574999E-02
 113        6.041 -7.230570E+00  5.721064E+00  6.729735E-02
 114        6.106 -7.012775E+00  5.468802E+00  6.914935E-02
 115        6.173 -6.792609E+00  5.213794E+00  7.110702E-02
 116        6.240 -6.586392E+00  4.989538E+00  7.307889E-02
 117        6.308 -6.389067E+00  4.785686E+00  7.510143E-02
 118        6.377 -6.189593E+00  4.579615E+00  7.724884E-02
 119        6.446 -6.003469E+00  4.399038E+00  7.941480E-02
 120        6.516 -5.823195E+00  4.230571E+00  8.165968E-02
 121        6.587 -5.640959E+00  4.060269E+00  8.405275E-02
 122        6.659 -5.469511E+00  3.911760E+00  8.651002E-02
 123        6.732 -5.298952E+00  3.766734E+00  8.911724E-02
 124        6.805 -5.126789E+00  3.622720E+00  9.192839E-02
 125        6.879 -4.956320E+00  3.513421E+00  9.519084E-02
 126        6.954 -4.783994E+00  3.402932E+00  9.873144E-02
 127        7.030 -4.641739E+00  3.325239E+00  1.019920E-01
 128        7.106 -4.548068E+00  3.300055E+00  1.045139E-01
 129        7.184 -4.453377E+00  3.274596E+00  1.071686E-01
 130        7.262 -4.392773E+00  3.156652E+00  1.078795E-01
 131        7.341 -4.340928E+00  3.012694E+00  1.079046E-01
 132        7.421 -4.276272E+00  2.871524E+00  1.082281E-01
 133        7.502 -4.175795E+00  2.741302E+00  1.098630E-01
 134        7.583 -4.074224E+00  2.609663E+00  1.114781E-01
 135        7.666 -3.965506E+00  2.494352E+00  1.136533E-01
 136        7.749 -3.854061E+00  2.382326E+00  1.160454E-01
 137        7.834 -3.743238E+00  2.278182E+00  1.186433E-01
 138        7.919 -3.633991E+00  2.186693E+00  1.215672E-01
 139        8.005 -3.524448E+00  2.095142E+00  1.246266E-01
 140        8.092 -3.427466E+00  2.016992E+00  1.275303E-01
 141        8.181 -3.329429E+00  1.937991E+00  1.305844E-01
 142        8.270 -3.233026E+00  1.854681E+00  1.335042E-01
 143        8.360 -3.136334E+00  1.769493E+00  1.364539E-01
 144        8.451 -3.037064E+00  1.694265E+00  1.400880E-01
 145        8.543 -2.935493E+00  1.626951E+00  1.444370E-01
 146        8.636 -2.839746E+00  1.565994E+00  1.489083E-01
 147        8.730 -2.754152E+00  1.515825E+00  1.533758E-01
 148        8.825 -2.668314E+00  1.460861E+00  1.578624E-01
 149        8.921 -2.583505E+00  1.393209E+00  1.617090E-01
 150        9.018 -2.498681E+00  1.330411E+00  1.660233E-01
 151        9.116 -2.416923E+00  1.291523E+00  1.719841E-01
 152        9.216 -2.335647E+00  1.249634E+00  1.780909E-01
 153        9.316 -2.260904E+00  1.193337E+00  1.825863E-01
 154        9.417 -2.184976E+00  1.139493E+00  1.876461E-01
 155        9.520 -2.106413E+00  1.100012E+00  1.947957E-01
 156        9.624 -2.029146E+00  1.060621E+00  2.023177E-01
 157        9.728 -1.958406E+00  1.022580E+00  2.095011E-01
 158        9.834 -1.888296E+00  9.849758E-01  2.171541E-01
 159        9.941 -1.820371E+00  9.487529E-01  2.251493E-01
 160       10.050 -1.752304E+00  9.131372E-01  2.338746E-01
 161       10.159 -1.684206E+00  8.783262E-01  2.434380E-01
 162       10.270 -1.617972E+00  8.490607E-01  2.543059E-01
 163       10.382 -1.552559E+00  8.229837E-01  2.665326E-01
 164       10.495 -1.492536E+00  7.981632E-01  2.786174E-01
 165       10.609 -1.433412E+00  7.735082E-01  2.915616E-01
 166       10.724 -1.377853E+00  7.501711E-01  3.047945E-01
 167       10.841 -1.323051E+00  7.271429E-01  3.190343E-01
 168       10.959 -1.270173E+00  7.049063E-01  3.340422E-01
 169       11.079 -1.218981E+00  6.834128E-01  3.499355E-01
 170       11.199 -1.168416E+00  6.622008E-01  3.671336E-01
 171       11.321 -1.120402E+00  6.421537E-01  3.850622E-01
 172       11.444 -1.072911E+00  6.223685E-01  4.045347E-01
 173       11.569 -1.026738E+00  6.032117E-01  4.253793E-01
 174       11.695 -9.820544E-01  5.847747E-01  4.476257E-01
 175       11.822 -9.379670E-01  5.666438E-01  4.718622E-01
 176       11.951 -8.954299E-01  5.492707E-01  4.977564E-01
 177       12.081 -8.538597E-01  5.323850E-01  5.258070E-01
 178       12.213 -8.129135E-01  5.158251E-01  5.565033E-01
 179       12.346 -7.734674E-01  5.000077E-01  5.894513E-01
 180       12.480 -7.347975E-01  4.845904E-01  6.254755E-01
 181       12.616 -6.967536E-01  4.695019E-01  6.651132E-01
 182       12.754 -6.599807E-01  4.550477E-01  7.080880E-01
 183       12.892 -6.240057E-01  4.410025E-01  7.553142E-01
 184       13.033 -5.886441E-01  4.272786E-01  8.076047E-01
 185       13.175 -5.542117E-01  4.140237E-01  8.651336E-01
 186       13.318 -5.207400E-01  4.012500E-01  9.284503E-01
 187       13.463 -4.878607E-01  3.887835E-01  9.990308E-01
 188       13.610 -4.555949E-01  3.766334E-01  1.077883E+00
 189       13.758 -4.243480E-01  3.649849E-01  1.165025E+00
 190       13.908 -3.937659E-01  3.536710E-01  1.262503E+00
 191       14.059 -3.637650E-01  3.426519E-01  1.372060E+00
 192       14.212 -3.343553E-01  3.319308E-01  1.495376E+00
 193       14.367 -3.057992E-01  3.216232E-01  1.632981E+00
 194       14.524 -2.778942E-01  3.116345E-01  1.787497E+00
 195       14.682 -2.505444E-01  3.019194E-01  1.961435E+00
 196       14.842 -2.237536E-01  2.924777E-01  2.156774E+00
 197       15.003 -1.975233E-01  2.833076E-01  2.375174E+00
 198       15.167 -1.720605E-01  2.744963E-01  2.615420E+00
 199       15.332 -1.471429E-01  2.659430E-01  2.878896E+00
 200       15.499 -1.227490E-01  2.576364E-01  3.163363E+00
 201       15.668 -9.887753E-02  2.495732E-01  3.463237E+00
 202       15.838 -7.552593E-02  2.417499E-01  3.768676E+00
 203       16.011 -5.269123E-02  2.341619E-01  4.064735E+00
 204       16.185 -3.044228E-02  2.268344E-01  4.330506E+00
 205       16.361 -8.736040E-03  2.197452E-01  4.543543E+00
 206       16.539  1.248428E-02  2.128683E-01  4.681637E+00
 207       16.719  3.322115E-02  2.061990E-01  4.726986E+00
 208       16.902  5.347734E-02  1.997325E-01  4.671788E+00
 209       17.086  7.325418E-02  1.934641E-01  4.520767E+00
 210       17.272  9.255288E-02  1.873887E-01  4.289979E+00
 211       17.460  1.113736E-01  1.815012E-01  4.002518E+00
 212       17.650  1.297143E-01  1.757964E-01  3.683128E+00
 213       17.842  1.475718E-01  1.702691E-01  3.353800E+00
 214       18.036  1.649360E-01  1.649143E-01  3.031480E+00
 215       18.233  1.817936E-01  1.597268E-01  2.727502E+00
 216       18.431  1.981207E-01  1.547014E-01  2.448414E+00
 217       18.632  2.138791E-01  1.498333E-01  2.197154E+00
 218       18.835  2.290043E-01  1.451174E-01  1.974332E+00
 219       19.040  2.433786E-01  1.405490E-01  1.779391E+00
 220       19.247  2.567698E-01  1.361235E-01  1.611685E+00
 221       19.457  2.686070E-01  1.318360E-01  1.472527E+00
 222       19.669  2.752281E-01  1.276821E-01  1.387046E+00
 223       19.883  2.810882E-01  1.125125E-01  1.227370E+00
 224       20.099  3.002248E-01  9.233113E-02  9.358518E-01
 225       20.318  3.223266E-01  8.727090E-02  7.826239E-01
 226       20.540  3.435666E-01  8.227262E-02  6.591997E-01
 227       20.763  3.599181E-01  7.776360E-02  5.735279E-01
 228       20.989  3.764476E-01  7.320549E-02  4.977534E-01
 229       21.218  3.918656E-01  6.895939E-02  4.355862E-01
 230       21.449  4.073873E-01  6.468503E-02  3.801680E-01
 231       21.682  4.223314E-01  6.110496E-02  3.355616E-01
 232       21.919  4.372269E-01  5.769558E-02  2.966412E-01
 233       22.157  4.514470E-01  5.474289E-02  2.647126E-01
 234       22.399  4.653837E-01  5.201645E-02  2.372064E-01
 235       22.642  4.788909E-01  4.934865E-02  2.129191E-01
 236       22.889  4.921268E-01  4.671538E-02  1.911657E-01
 237       23.138  5.050884E-01  4.437696E-02  1.726168E-01
 238       23.390  5.178517E-01  4.227562E-02  1.566010E-01
 239       23.645  5.302365E-01  4.041514E-02  1.429187E-01
 240       23.902  5.423601E-01  3.873640E-02  1.310189E-01
 241       24.163  5.540112E-01  3.728338E-02  1.209249E-01
 242       24.426  5.654225E-01  3.596254E-02  1.120343E-01
 243       24.692  5.763581E-01  3.468485E-02  1.040363E-01
 244       24.961  5.871782E-01  3.341576E-02  9.660669E-02
 245       25.232  5.975392E-01  3.234670E-02  9.032885E-02
 246       25.507  6.078945E-01  3.130837E-02  8.449937E-02
 247       25.785  6.176232E-01  3.047510E-02  7.969698E-02
 248       26.066  6.273141E-01  2.963145E-02  7.513025E-02
 249       26.350  6.366354E-01  2.877425E-02  7.084942E-02
 250       26.637  6.457878E-01  2.802513E-02  6.707349E-02
 251       26.927  6.547388E-01  2.739862E-02  6.380177E-02
 252       27.220  6.633952E-01  2.676089E-02  6.070853E-02
 253       27.516  6.719863E-01  2.613058E-02  5.777927E-02
 254       27.816  6.801956E-01  2.577103E-02  5.562130E-02
 255       28.119  6.882566E-01  2.543604E-02  5.362361E-02
 256       28.425  6.960327E-01  2.514210E-02  5.182937E-02
 257       28.734  7.034991E-01  2.487308E-02  5.019494E-02
 258       29.047  7.108518E-01  2.461120E-02  4.864681E-02
 259       29.364  7.179022E-01  2.435183E-02  4.719560E-02
 260       29.683  7.248065E-01  2.411530E-02  4.585304E-02
 261       30.007  7.316056E-01  2.389709E-02  4.459929E-02
 262       30.333  7.378678E-01  2.375332E-02  4.358303E-02
 263       30.664  7.441981E-01  2.360799E-02  4.258386E-02
 264       30.998  7.505975E-01  2.346107E-02  4.160155E-02
 265       31.335  7.563225E-01  2.331590E-02  4.072167E-02
 266       31.676  7.621044E-01  2.316918E-02  3.985479E-02
 267       32.021  7.679124E-01  2.301745E-02  3.899814E-02
 268       32.370  7.732156E-01  2.281173E-02  3.812230E-02
 269       32.722  7.785766E-01  2.260376E-02  3.725737E-02
 270       33.079  7.838824E-01  2.240062E-02  3.642534E-02
 271       33.439  7.888417E-01  2.222052E-02  3.568042E-02
 272       33.803  7.938550E-01  2.203845E-02  3.494332E-02
 273       34.171  7.986919E-01  2.185441E-02  3.423382E-02
 274       34.543  8.033131E-01  2.166836E-02  3.355370E-02
 275       34.919  8.079845E-01  2.148028E-02  3.287964E-02
 276       35.300  8.123751E-01  2.127218E-02  3.221077E-02
 277       35.684  8.167232E-01  2.105692E-02  3.154688E-02
 278       36.073  8.210442E-01  2.084658E-02  3.090451E-02
 279       36.465  8.250842E-01  2.066589E-02  3.033788E-02
 280       36.863  8.291682E-01  2.048323E-02  2.977476E-02
 281       37.264  8.330441E-01  2.026691E-02  2.918735E-02
 282       37.670  8.368291E-01  2.003156E-02  2.858857E-02
 283       38.080  8.406047E-01  1.978166E-02  2.797942E-02
 284       38.495  8.442094E-01  1.947895E-02  2.731707E-02
 285       38.914  8.478534E-01  1.917295E-02  2.665787E-02
 286       39.338  8.513182E-01  1.893787E-02  2.611755E-02
 287       39.766  8.547644E-01  1.871941E-02  2.560891E-02
 288       40.199  8.581132E-01  1.847868E-02  2.508306E-02
 289       40.637  8.613380E-01  1.821166E-02  2.453626E-02
 290       41.079  8.645563E-01  1.794332E-02  2.399547E-02
 291       41.526  8.676164E-01  1.767940E-02  2.347641E-02
 292       41.979  8.707099E-01  1.741260E-02  2.295847E-02
 293       42.436  8.736161E-01  1.712983E-02  2.243597E-02
 294       42.898  8.765430E-01  1.684333E-02  2.191397E-02
 295       43.365  8.793635E-01  1.652816E-02  2.136654E-02
 296       43.837  8.821755E-01  1.620233E-02  2.081235E-02
 297       44.315  8.849118E-01  1.589812E-02  2.029578E-02
 298       44.797  8.876224E-01  1.560376E-02  1.979879E-02
 299       45.285  8.902561E-01  1.531475E-02  1.931752E-02
 300       45.778  8.928421E-01  1.502874E-02  1.884734E-02
 301       46.277  8.953643E-01  1.474238E-02  1.838443E-02
 302       46.780  8.978395E-01  1.445514E-02  1.792720E-02
 303       47.290  9.002537E-01  1.416768E-02  1.747678E-02
 304       47.805  9.026266E-01  1.387931E-02  1.703134E-02
 305       48.325  9.049423E-01  1.358129E-02  1.658064E-02
 306       48.852  9.072330E-01  1.327607E-02  1.612646E-02
 307       49.384  9.094631E-01  1.297904E-02  1.568859E-02
 308       49.921  9.116840E-01  1.268328E-02  1.525664E-02
 309       50.465  9.138301E-01  1.238894E-02  1.483281E-02
 310       51.014  9.159798E-01  1.209263E-02  1.441031E-02
 311       51.570  9.180502E-01  1.180932E-02  1.400942E-02
 312       52.132  9.201192E-01  1.152687E-02  1.361304E-02
 313       52.699  9.221317E-01  1.125439E-02  1.323339E-02
 314       53.273  9.241168E-01  1.098986E-02  1.286699E-02
 315       53.853  9.260689E-01  1.073461E-02  1.251530E-02
 316       54.440  9.279666E-01  1.048538E-02  1.217486E-02
 317       55.032  9.298538E-01  1.023737E-02  1.183877E-02
 318       55.632  9.316636E-01  1.000366E-02  1.152366E-02
 319       56.237  9.334572E-01  9.762650E-03  1.120292E-02
 320       56.850  9.352141E-01  9.511572E-03  1.087390E-02
 321       57.469  9.369405E-01  9.257761E-03  1.054483E-02
 322       58.095  9.386603E-01  9.004026E-03  1.021833E-02
 323       58.727  9.403462E-01  8.763634E-03  9.909938E-03
 324       59.367  9.420075E-01  8.535295E-03  9.617764E-03
 325       60.013  9.436532E-01  8.315630E-03  9.337628E-03
 326       60.667  9.452438E-01  8.099974E-03  9.064921E-03
 327       61.327  9.468178E-01  7.888517E-03  8.798982E-03
 328       61.995  9.483737E-01  7.681496E-03  8.540008E-03
 329       62.670  9.498864E-01  7.472220E-03  8.280936E-03
 330       63.353  9.513865E-01  7.267719E-03  8.028952E-03
 331       64.043  9.528726E-01  7.068084E-03  7.784096E-03
 332       64.740  9.543238E-01  6.872818E-03  7.546070E-03
 333       65.445  9.557584E-01  6.684324E-03  7.317117E-03
 334       66.158  9.571777E-01  6.500611E-03  7.094945E-03
 335       66.878  9.585710E-01  6.320510E-03  6.878357E-03
 336       67.606  9.599406E-01  6.144508E-03  6.667770E-03
 337       68.342  9.612971E-01  5.971248E-03  6.461496E-03
 338       69.087  9.626402E-01  5.800948E-03  6.259724E-03
 339       69.839  9.639620E-01  5.635441E-03  6.064476E-03
 340       70.599  9.652694E-01  5.474125E-03  5.874943E-03
 341       71.368  9.665637E-01  5.320046E-03  5.694312E-03
 342       72.145  9.678438E-01  5.172388E-03  5.521641E-03
 343       72.931  9.691079E-01  5.023122E-03  5.348325E-03
 344       73.725  9.703560E-01  4.879481E-03  5.182037E-03
 345       74.528  9.715979E-01  4.734975E-03  5.015732E-03
 346       75.339  9.728332E-01  4.595685E-03  4.855833E-03
 347       76.160  9.740610E-01  4.464421E-03  4.705261E-03
 348       76.989  9.752802E-01  4.331728E-03  4.554009E-03
 349       77.828  9.764901E-01  4.205867E-03  4.410743E-03
 350       78.675  9.776989E-01  4.078744E-03  4.266863E-03
 351       79.532  9.789081E-01  3.955555E-03  4.127780E-03
 352       80.398  9.801197E-01  3.834308E-03  3.991371E-03
 353       81.273  9.813359E-01  3.714475E-03  3.857055E-03
 354       82.158  9.825590E-01  3.599424E-03  3.728292E-03
 355       83.053  9.837913E-01  3.483120E-03  3.598794E-03
 356       83.957  9.850439E-01  3.365549E-03  3.468484E-03
 357       84.872  9.863241E-01  3.255414E-03  3.346279E-03
 358       85.796  9.876316E-01  3.152468E-03  3.231888E-03
 359       86.730  9.889787E-01  3.049700E-03  3.118021E-03
 360       87.674  9.903924E-01  2.952557E-03  3.010093E-03
 361       88.629  9.919021E-01  2.895593E-03  2.943041E-03
 362       89.594  9.934583E-01  2.962199E-03  3.001311E-03
 363       90.570  9.950079E-01  3.086686E-03  3.117706E-03
 364       91.556  9.965749E-01  3.218037E-03  3.240160E-03
 365       92.553  9.982152E-01  3.345335E-03  3.357271E-03
 366       93.561  9.999774E-01  3.480190E-03  3.480306E-03
 367       94.580  1.001976E+00  3.609386E-03  3.595117E-03
 368       95.610  1.004288E+00  3.928165E-03  3.894634E-03
 369       96.651  1.006851E+00  4.503230E-03  4.442069E-03
 370       97.703  1.009849E+00  5.173567E-03  5.073014E-03
 371       98.767  1.015364E+00  5.835554E-03  5.660101E-03
 372       99.843  1.021526E+00  1.343135E-02  1.286904E-02
 373      100.930  1.017073E+00  2.683946E-02  2.592790E-02
 374      102.029  1.009175E+00  2.395117E-02  2.350440E-02
 375      103.140  1.008164E+00  2.305284E-02  2.266915E-02
 376      104.263  1.008170E+00  2.194610E-02  2.158164E-02
 377      105.398  1.009317E+00  2.216813E-02  2.175025E-02
 378      106.546  1.009966E+00  2.362231E-02  2.314578E-02
 379      107.706  1.009919E+00  2.507081E-02  2.456564E-02
 380      108.879  1.008445E+00  2.646293E-02  2.600368E-02
 381      110.065  1.010813E+00  2.374564E-02  2.322751E-02
 382      111.263  1.011978E+00  2.943338E-02  2.871645E-02
 383      112.475  1.011530E+00  3.377411E-02  3.297180E-02
 384      113.700  1.008527E+00  3.595280E-02  3.530253E-02
 385      114.938  1.005840E+00  3.677583E-02  3.630147E-02
 386      116.189  1.003342E+00  3.707841E-02  3.678160E-02
 387      117.455  1.001410E+00  3.691443E-02  3.676061E-02
 388      118.734  9.997367E-01  3.655689E-02  3.652731E-02
 389      120.027  9.982643E-01  3.604992E-02  3.612828E-02
 390      121.334  9.971912E-01  3.546884E-02  3.562386E-02
 391      122.655  9.962354E-01  3.490503E-02  3.512620E-02
 392      123.990  9.954020E-01  3.435936E-02  3.463625E-02
 393      125.341  9.947163E-01  3.382951E-02  3.415035E-02
 394      126.705  9.940956E-01  3.330489E-02  3.366390E-02
 395      128.085  9.935413E-01  3.278888E-02  3.318043E-02
 396      129.480  9.930705E-01  3.233020E-02  3.274825E-02
 397      130.890  9.926214E-01  3.189082E-02  3.233333E-02
 398      132.315  9.921885E-01  3.146438E-02  3.192966E-02
 399      133.756  9.917699E-01  3.104525E-02  3.153174E-02
 400      135.212  9.913607E-01  3.060879E-02  3.111493E-02
 401      136.685  9.909818E-01  3.013711E-02  3.065977E-02
 402      138.173  9.906471E-01  2.963012E-02  3.016527E-02
 403      139.678  9.903958E-01  2.913467E-02  2.967678E-02
 404      141.199  9.902077E-01  2.864842E-02  2.919339E-02
 405      142.736  9.901265E-01  2.816915E-02  2.871051E-02
 406      144.291  9.901472E-01  2.776586E-02  2.829894E-02
 407      145.862  9.901810E-01  2.767478E-02  2.820434E-02
 408      147.450  9.901253E-01  2.762496E-02  2.815681E-02
 409      149.056  9.897102E-01  2.780615E-02  2.836496E-02
 410      150.679  9.891042E-01  2.780434E-02  2.839785E-02
 411      152.320  9.884882E-01  2.737418E-02  2.799402E-02
 412      153.978  9.878655E-01  2.693935E-02  2.758472E-02
 413      155.655  9.873319E-01  2.643421E-02  2.709747E-02
 414      157.350  9.869434E-01  2.582021E-02  2.648977E-02
 415      159.064  9.865506E-01  2.519953E-02  2.587441E-02
 416      160.796  9.862338E-01  2.458193E-02  2.525727E-02
 417      162.547  9.860090E-01  2.396929E-02  2.463979E-02
 418      164.317  9.857817E-01  2.334999E-02  2.401494E-02
 419      166.106  9.856210E-01  2.273096E-02  2.338659E-02
 420      167.915  9.855016E-01  2.210956E-02  2.275343E-02
 421      169.743  9.853809E-01  2.148140E-02  2.211301E-02
 422      171.592  9.853367E-01  2.090001E-02  2.151701E-02
 423      173.460  9.853045E-01  2.032105E-02  2.092283E-02
 424      175.349  9.852812E-01  1.974579E-02  2.033199E-02
 425      177.258  9.852983E-01  1.920895E-02  1.977894E-02
 426      179.189  9.853157E-01  1.866626E-02  1.921988E-02
 427      181.140  9.853542E-01  1.814564E-02  1.868273E-02
 428      183.112  9.854082E-01  1.763948E-02  1.815993E-02
 429      185.106  9.854637E-01  1.713034E-02  1.763411E-02
 430      187.122  9.855347E-01  1.666110E-02  1.714888E-02
 431      189.160  9.856064E-01  1.618675E-02  1.665848E-02
 432      191.219  9.856948E-01  1.571185E-02  1.616710E-02
 433      193.302  9.857951E-01  1.523501E-02  1.567349E-02
 434      195.407  9.859042E-01  1.476144E-02  1.518315E-02
 435      197.534  9.860468E-01  1.431852E-02  1.472351E-02
 436      199.685  9.861909E-01  1.387076E-02  1.425911E-02
 437      201.860  9.863578E-01  1.345420E-02  1.382636E-02
 438      204.058  9.865301E-01  1.303926E-02  1.339542E-02
 439      206.280  9.867327E-01  1.264104E-02  1.298113E-02
 440      208.526  9.869587E-01  1.225428E-02  1.257833E-02
 441      210.797  9.871824E-01  1.191175E-02  1.222130E-02
 442      213.092  9.873995E-01  1.165604E-02  1.195376E-02
 443      215.413  9.876081E-01  1.139823E-02  1.168450E-02
 444      217.758  9.877676E-01  1.114078E-02  1.141697E-02
 445      220.130  9.879282E-01  1.088101E-02  1.114720E-02
 446      222.527  9.880797E-01  1.062687E-02  1.088356E-02
 447      224.950  9.882329E-01  1.036995E-02  1.061721E-02
 448      227.399  9.883814E-01  1.012850E-02  1.036694E-02
 449      229.876  9.885315E-01  9.884804E-03  1.011448E-02
 450      232.379  9.886755E-01  9.654318E-03  9.875807E-03
 451      234.909  9.888208E-01  9.422160E-03  9.635536E-03
 452      237.467  9.889592E-01  9.202450E-03  9.408255E-03
 453      240.053  9.890987E-01  8.981176E-03  9.179481E-03
 454      242.667  9.892299E-01  8.770617E-03  8.961930E-03
 455      245.310  9.893619E-01  8.558334E-03  8.742715E-03
 456      247.981  9.894912E-01  8.348067E-03  8.525722E-03
 457      250.681  9.896218E-01  8.139093E-03  8.310136E-03
 458      253.411  9.897534E-01  7.938582E-03  8.103282E-03
 459      256.170  9.898843E-01  7.741464E-03  7.900010E-03
 460      258.960  9.900137E-01  7.549860E-03  7.702491E-03
 461      261.780  9.901414E-01  7.362659E-03  7.509590E-03
 462      264.630  9.902685E-01  7.177253E-03  7.318626E-03
 463      267.512  9.903935E-01  7.000106E-03  7.136206E-03
 464      270.425  9.905186E-01  6.824157E-03  6.955097E-03
 465      273.370  9.906405E-01  6.655763E-03  6.781817E-03
 466      276.347  9.907607E-01  6.490198E-03  6.611526E-03
 467      279.356  9.908787E-01  6.328536E-03  6.445321E-03
 468      282.398  9.909927E-01  6.172734E-03  6.285210E-03
 469      285.473  9.911053E-01  6.018558E-03  6.126845E-03
 470      288.581  9.912122E-01  5.869673E-03  5.974002E-03
 471      291.724  9.913155E-01  5.723606E-03  5.824136E-03
 472      294.901  9.914159E-01  5.579642E-03  5.676502E-03
 473      298.112  9.914930E-01  5.442069E-03  5.535689E-03
 474      301.358  9.915703E-01  5.285936E-03  5.376041E-03
 475      304.640  9.916484E-01  5.103759E-03  5.189951E-03
 476      307.957  9.917481E-01  4.930689E-03  5.012959E-03
 477      311.310  9.918532E-01  4.760269E-03  4.838678E-03
 478      314.700  9.919624E-01  4.592984E-03  4.667616E-03
 479      318.127  9.920771E-01  4.431585E-03  4.502561E-03
 480      321.591  9.921944E-01  4.274121E-03  4.341554E-03
 481      325.093  9.923142E-01  4.121093E-03  4.185106E-03
 482      328.633  9.924360E-01  3.976275E-03  4.037052E-03
 483      332.212  9.925587E-01  3.835696E-03  3.893367E-03
 484      335.829  9.926819E-01  3.699235E-03  3.753926E-03
 485      339.486  9.928048E-01  3.568137E-03  3.619996E-03
 486      343.183  9.929270E-01  3.442738E-03  3.491918E-03
 487      346.920  9.930492E-01  3.321101E-03  3.367718E-03
 488      350.698  9.931709E-01  3.203264E-03  3.247433E-03
 489      354.517  9.932908E-01  3.090082E-03  3.131936E-03
 490      358.377  9.934100E-01  2.980772E-03  3.020423E-03
 491      362.280  9.935284E-01  2.874807E-03  2.912355E-03
 492      366.225  9.936460E-01  2.772310E-03  2.807857E-03
 493      370.213  9.937630E-01  2.673252E-03  2.706893E-03
 494      374.244  9.938775E-01  2.578596E-03  2.610445E-03
 495      378.319  9.939906E-01  2.487337E-03  2.517488E-03
 496      382.439  9.941024E-01  2.398177E-03  2.426702E-03
 497      386.603  9.942130E-01  2.311366E-03  2.338339E-03
 498      390.813  9.943228E-01  2.227549E-03  2.253047E-03
 499      395.069  9.944317E-01  2.146732E-03  2.170830E-03
 500      399.371  9.945393E-01  2.069453E-03  2.092232E-03
 501      403.720  9.946450E-01  1.994948E-03  2.016479E-03
 502      408.116  9.947495E-01  1.923086E-03  1.943433E-03
 503      412.560  9.948524E-01  1.853792E-03  1.873019E-03
 504      417.053  9.949536E-01  1.786987E-03  1.805154E-03
 505      421.594  9.950531E-01  1.722533E-03  1.739698E-03
 506      426.185  9.951509E-01  1.660252E-03  1.676467E-03
 507      430.826  9.952477E-01  1.600069E-03  1.615382E-03
 508      435.517  9.953423E-01  1.542098E-03  1.556561E-03
 509      440.259  9.954360E-01  1.486266E-03  1.499923E-03
 510      445.054  9.955270E-01  1.432492E-03  1.445391E-03
 511      449.900  9.956172E-01  1.380424E-03  1.392602E-03
 512      454.799  9.957054E-01  1.329636E-03  1.341128E-03
 513      459.751  9.957926E-01  1.280720E-03  1.291563E-03
 514      464.758  9.958779E-01  1.233626E-03  1.243857E-03
 515      469.819  9.959620E-01  1.188284E-03  1.197937E-03
 516      474.935  9.960449E-01  1.144628E-03  1.153735E-03
 517      480.106  9.961266E-01  1.102634E-03  1.111224E-03
 518      485.334  9.962069E-01  1.062238E-03  1.070342E-03
 519      490.619  9.962850E-01  1.023330E-03  1.030975E-03
 520      495.962  9.963617E-01  9.856913E-04  9.929022E-04
 521      501.363  9.964375E-01  9.494149E-04  9.562148E-04
 522      506.822  9.965115E-01  9.144868E-04  9.209000E-04
 523      512.341  9.965839E-01  8.808529E-04  8.869012E-04
 524      517.920  9.966547E-01  8.482401E-04  8.539432E-04
 525      523.560  9.967251E-01  8.165337E-04  8.219077E-04
 526      529.261  9.967941E-01  7.859540E-04  7.910173E-04
 527      535.024  9.968613E-01  7.565205E-04  7.612915E-04
 528      540.850  9.969276E-01  7.283405E-04  7.328364E-04
 529      546.740  9.969928E-01  7.012049E-04  7.054410E-04
 530      552.693  9.970565E-01  6.750668E-04  6.790581E-04
 531      558.712  9.971188E-01  6.498594E-04  6.536201E-04
 532      564.796  9.971800E-01  6.254347E-04  6.289770E-04
 533      570.946  9.972401E-01  6.020116E-04  6.053481E-04
 534      577.163  9.972989E-01  5.794711E-04  5.826141E-04
 535      583.448  9.973567E-01  5.577481E-04  5.607082E-04
 536      589.801  9.974133E-01  5.368055E-04  5.395933E-04
 537      596.224  9.974693E-01  5.167606E-04  5.193860E-04
 538      602.716  9.975230E-01  4.975992E-04  5.000734E-04
 539      609.280  9.975762E-01  4.788678E-04  4.811976E-04
 540      615.914  9.976282E-01  4.611519E-04  4.633472E-04
 541      622.621  9.976794E-01  4.438868E-04  4.459541E-04
 542      629.401  9.977296E-01  4.272115E-04  4.291579E-04
 543      636.255  9.977784E-01  4.114312E-04  4.132653E-04
 544      643.183  9.978263E-01  3.960856E-04  3.978130E-04
 545      650.187  9.978732E-01  3.811919E-04  3.828185E-04
 546      657.267  9.979193E-01  3.669404E-04  3.684722E-04
 547      664.424  9.979640E-01  3.530997E-04  3.545418E-04
 548      671.659  9.980078E-01  3.396707E-04  3.410281E-04
 549      678.973  9.980509E-01  3.268059E-04  3.280835E-04
 550      686.367  9.980933E-01  3.145374E-04  3.157403E-04
 551      693.841  9.981347E-01  3.026363E-04  3.037684E-04
 552      701.396  9.981753E-01  2.910976E-04  2.921628E-04
 553      709.034  9.982150E-01  2.800034E-04  2.810056E-04
 554      716.755  9.982538E-01  2.694092E-04  2.703526E-04
 555      724.560  9.982919E-01  2.591771E-04  2.600648E-04
 556      732.450  9.983293E-01  2.493051E-04  2.501402E-04
 557      740.425  9.983658E-01  2.397891E-04  2.405747E-04
 558      748.488  9.984013E-01  2.307238E-04  2.314632E-04
 559      756.639  9.984366E-01  2.220072E-04  2.227030E-04
 560      764.878  9.984710E-01  2.136027E-04  2.142574E-04
 561      773.207  9.985045E-01  2.055054E-04  2.061215E-04
 562      781.627  9.985372E-01  1.977065E-04  1.982862E-04
 563      790.138  9.985695E-01  1.901862E-04  1.907315E-04
 564      798.742  9.986005E-01  1.829370E-04  1.834501E-04
 565      807.440  9.986311E-01  1.759646E-04  1.764473E-04
 566      816.232  9.986612E-01  1.692545E-04  1.697086E-04
 567      825.120  9.986904E-01  1.627987E-04  1.632260E-04
 568      834.105  9.987191E-01  1.565684E-04  1.569703E-04
 569      843.188  9.987475E-01  1.505509E-04  1.509288E-04
 570      852.370  9.987748E-01  1.447642E-04  1.451196E-04
 571      861.652  9.988016E-01  1.392028E-04  1.395370E-04
 572      871.034  9.988279E-01  1.338587E-04  1.341730E-04
 573      880.519  9.988544E-01  1.287239E-04  1.290193E-04
 574      890.107  9.988793E-01  1.237905E-04  1.240684E-04
 575      899.800  9.989045E-01  1.190555E-04  1.193167E-04
 576      909.598  9.989281E-01  1.145058E-04  1.147517E-04
 577      919.503  9.989518E-01  1.101318E-04  1.103631E-04
 578      929.516  9.989749E-01  1.059057E-04  1.061232E-04
 579      939.638  9.989982E-01  1.018259E-04  1.020302E-04
 580      949.870  9.990197E-01  9.790435E-05  9.809659E-05
 581      960.213  9.990415E-01  9.413921E-05  9.431994E-05
 582      970.669  9.990633E-01  9.051515E-05  9.068496E-05
 583      981.239  9.990834E-01  8.701591E-05  8.717564E-05
 584      991.924  9.991037E-01  8.365429E-05  8.380446E-05
 585     1002.725  9.991239E-01  8.042440E-05  8.056551E-05
 586     1013.644  9.991432E-01  7.732072E-05  7.745339E-05
 587     1024.682  9.991620E-01  7.433782E-05  7.446257E-05
 588     1035.840  9.991809E-01  7.147068E-05  7.158790E-05
 589     1047.120  9.991994E-01  6.871437E-05  6.882453E-05
 590     1058.522  9.992168E-01  6.606429E-05  6.616790E-05
 591     1070.049  9.992350E-01  6.350153E-05  6.359880E-05
 592     1081.701  9.992515E-01  6.104860E-05  6.114009E-05
 593     1093.480  9.992685E-01  5.868999E-05  5.877594E-05
 594     1105.387  9.992846E-01  5.641711E-05  5.649792E-05
 595     1117.424  9.993007E-01  5.422264E-05  5.429857E-05
 596     1129.592  9.993165E-01  5.211001E-05  5.218132E-05
 597     1141.892  9.993314E-01  5.009010E-05  5.015715E-05
 598     1154.327  9.993472E-01  4.814904E-05  4.821196E-05
 599     1166.896  9.993616E-01  4.628085E-05  4.634000E-05
 600     1179.603  9.993756E-01  4.448241E-05  4.453801E-05
 601     1192.448  9.993897E-01  4.276273E-05  4.281497E-05
 602     1205.433  9.994040E-01  4.110252E-05  4.115155E-05
 603     1218.559  9.994175E-01  3.949917E-05  3.954522E-05
 604     1231.829  9.994307E-01  3.796276E-05  3.800602E-05
 605     1245.242  9.994432E-01  3.648475E-05  3.652542E-05
 606     1258.802  9.994559E-01  3.505521E-05  3.509338E-05
 607     1272.510  9.994683E-01  3.368682E-05  3.372267E-05
 608     1286.366  9.994807E-01  3.237210E-05  3.240575E-05
 609     1300.374  9.994923E-01  3.110566E-05  3.113727E-05
 610     1314.534  9.995046E-01  2.989593E-05  2.992557E-05
 611     1328.849  9.995161E-01  2.872881E-05  2.875663E-05
 612     1343.319  9.995266E-01  2.760772E-05  2.763387E-05
 613     1357.947  9.995383E-01  2.652742E-05  2.655193E-05
 614     1372.734  9.995489E-01  2.549060E-05  2.551362E-05
 615     1387.682  9.995594E-01  2.449033E-05  2.451193E-05
 616     1402.793  9.995700E-01  2.352881E-05  2.354906E-05
 617     1418.068  9.995798E-01  2.260499E-05  2.262399E-05
 618     1433.510  9.995901E-01  2.171912E-05  2.173694E-05
 619     1449.120  9.995995E-01  2.086667E-05  2.088340E-05
 620     1464.900  9.996099E-01  2.005062E-05  2.006627E-05
 621     1480.851  9.996194E-01  1.926078E-05  1.927545E-05
 622     1496.977  9.996282E-01  1.850358E-05  1.851735E-05
 623     1513.278  9.996377E-01  1.777493E-05  1.778782E-05
 624     1529.756  9.996469E-01  1.707055E-05  1.708261E-05
 625     1546.414  9.996558E-01  1.639673E-05  1.640802E-05
 626     1563.253  9.996646E-01  1.574865E-05  1.575922E-05
 627     1580.276  9.996731E-01  1.512567E-05  1.513556E-05
 628     1597.484  9.996818E-01  1.452959E-05  1.453884E-05
 629     1614.880  9.996905E-01  1.395684E-05  1.396549E-05
 630     1632.465  9.996992E-01  1.340653E-05  1.341460E-05
 631     1650.241  9.997081E-01  1.287772E-05  1.288524E-05
 632     1668.211  9.997171E-01  1.237115E-05  1.237816E-05
 633     1686.377  9.997262E-01  1.188462E-05  1.189113E-05
 634     1704.740  9.997354E-01  1.141728E-05  1.142333E-05
 635     1723.303  9.997447E-01  1.096848E-05  1.097408E-05
 636     1742.069  9.997553E-01  1.053726E-05  1.054242E-05
 637     1761.039  9.997666E-01  1.012094E-05  1.012567E-05
 638     1780.215  9.997792E-01  9.721222E-06  9.725517E-06
 639     1799.600  9.997956E-01  9.335053E-06  9.338870E-06
 640     1819.197  9.998217E-01  8.963853E-06  8.967051E-06
 641     1839.007  9.998699E-01  9.822220E-05  9.824777E-05
 642     1859.032  9.998119E-01  9.446446E-05  9.450000E-05
 643     1879.276  9.997984E-01  9.084804E-05  9.088469E-05
 644     1899.740  9.997911E-01  8.736792E-05  8.740442E-05
 645     1920.426  9.997879E-01  8.401976E-05  8.405541E-05
 646     1941.339  9.997859E-01  8.079848E-05  8.083308E-05
 647     1962.478  9.997850E-01  7.769868E-05  7.773210E-05
 648     1983.848  9.997850E-01  7.471562E-05  7.474776E-05
 649     2005.451  9.997860E-01  7.184469E-05  7.187545E-05
 650     2027.289  9.997870E-01  6.908064E-05  6.911008E-05
 651     2049.365  9.997889E-01  6.641972E-05  6.644776E-05
 652     2071.681  9.997902E-01  6.386129E-05  6.388810E-05
 653     2094.240  9.997924E-01  6.139973E-05  6.142523E-05
 654     2117.044  9.997947E-01  5.902999E-05  5.905423E-05
 655     2140.098  9.997970E-01  5.674863E-05  5.677167E-05
 656     2163.402  9.998003E-01  5.455814E-05  5.457993E-05
 657     2186.960  9.998027E-01  5.244875E-05  5.246945E-05
 658     2210.774  9.998050E-01  5.041788E-05  5.043754E-05
 659     2234.848  9.998085E-01  4.846688E-05  4.848545E-05
 660     2259.184  9.998109E-01  4.658745E-05  4.660507E-05
 661     2283.785  9.998134E-01  4.478219E-05  4.479891E-05
 662     2308.654  9.998192E-01  4.304328E-05  4.305886E-05
 663     2333.793  9.998230E-01  4.137214E-05  4.138679E-05
 664     2359.207  9.998268E-01  3.976254E-05  3.977632E-05
 665     2384.897  9.998305E-01  3.821656E-05  3.822952E-05
 666     2410.866  9.998342E-01  3.674962E-05  3.676181E-05
 667     2437.119  9.998377E-01  3.532116E-05  3.533263E-05
 668     2463.658  9.998412E-01  3.394388E-05  3.395466E-05
 669     2490.485  9.998446E-01  3.261523E-05  3.262536E-05
 670     2517.605  9.998479E-01  3.134898E-05  3.135852E-05
 671     2545.020  9.998512E-01  3.011096E-05  3.011993E-05
 672     2572.733  9.998544E-01  2.894816E-05  2.895660E-05
 673     2600.748  9.998575E-01  2.779496E-05  2.780288E-05
 674     2629.069  9.998605E-01  2.672532E-05  2.673278E-05
 675     2657.697  9.998635E-01  2.566837E-05  2.567538E-05
 676     2686.638  9.998665E-01  2.466679E-05  2.467338E-05
 677     2715.893  9.998693E-01  2.369956E-05  2.370575E-05
 678     2745.468  9.998721E-01  2.276026E-05  2.276609E-05
 679     2775.364  9.998749E-01  2.187590E-05  2.188137E-05
 680     2805.585  9.998776E-01  2.100660E-05  2.101175E-05
 681     2836.136  9.998802E-01  2.018551E-05  2.019035E-05
 682     2867.020  9.998828E-01  1.939112E-05  1.939567E-05
 683     2898.240  9.998853E-01  1.861745E-05  1.862172E-05
 684     2929.799  9.998877E-01  1.789190E-05  1.789592E-05
 685     2961.703  9.998901E-01  1.718217E-05  1.718595E-05
 686     2993.953  9.998925E-01  1.650021E-05  1.650376E-05
 687     3026.555  9.998948E-01  1.585281E-05  1.585615E-05
 688     3059.512  9.998970E-01  1.522173E-05  1.522487E-05
 689     3092.828  9.998992E-01  1.461794E-05  1.462089E-05
 690     3126.507  9.999014E-01  1.404244E-05  1.404521E-05
 691     3160.552  9.999035E-01  1.348290E-05  1.348550E-05
 692     3194.969  9.999056E-01  1.294581E-05  1.294825E-05
 693     3229.760  9.999076E-01  1.243560E-05  1.243790E-05
 694     3264.929  9.999096E-01  1.194049E-05  1.194265E-05
 695     3300.482  9.999115E-01  1.146108E-05  1.146311E-05
 696     3336.422  9.999134E-01  1.100923E-05  1.101113E-05
 697     3372.753  9.999152E-01  1.057180E-05  1.057359E-05
 698     3409.480  9.999171E-01  1.014869E-05  1.015037E-05
 699     3446.607  9.999189E-01  9.742500E-06  9.744081E-06
 700     3484.138  9.999206E-01  9.356469E-06  9.357955E-06
 701     3522.078  9.999223E-01  8.983359E-06  8.984756E-06
 702     3560.431  9.999239E-01  8.623218E-06  8.624529E-06
 703     3599.201  9.999256E-01  8.276448E-06  8.277680E-06
 704     3638.394  9.999272E-01  7.947636E-06  7.948794E-06
 705     3678.014  9.999288E-01  7.630368E-06  7.631455E-06
 706     3718.065  9.999303E-01  7.324546E-06  7.325567E-06
 707     3758.552  9.999318E-01  7.030010E-06  7.030969E-06
 708     3799.480  9.999332E-01  6.746769E-06  6.747669E-06
 709     3840.853  9.999347E-01  6.477475E-06  6.478322E-06
 710     3882.677  9.999360E-01  6.218112E-06  6.218907E-06
 711     3924.957  9.999374E-01  5.968480E-06  5.969227E-06
 712     3967.697  9.999388E-01  5.728349E-06  5.729050E-06
 713     4010.902  9.999401E-01  5.497471E-06  5.498130E-06
 714     4054.578  9.999413E-01  5.275582E-06  5.276201E-06
 715     4098.729  9.999426E-01  5.062746E-06  5.063328E-06
 716     4143.362  9.999439E-01  4.859332E-06  4.859878E-06
 717     4188.480  9.999450E-01  4.663774E-06  4.664287E-06
 718     4234.089  9.999462E-01  4.475750E-06  4.476231E-06
 719     4280.196  9.999474E-01  4.294941E-06  4.295393E-06
 720     4326.804  9.999485E-01  4.121196E-06  4.121621E-06
 721     4373.920  9.999496E-01  3.954340E-06  3.954738E-06
 722     4421.549  9.999507E-01  3.794120E-06  3.794494E-06
 723     4469.696  9.999518E-01  3.640294E-06  3.640645E-06
 724     4518.368  9.999528E-01  3.492621E-06  3.492950E-06
 725     4567.570  9.999538E-01  3.350863E-06  3.351173E-06
 726     4617.308  9.999548E-01  3.214791E-06  3.215082E-06
 727     4667.587  9.999558E-01  3.084181E-06  3.084454E-06
 728     4718.414  9.999567E-01  2.958813E-06  2.959069E-06
 729     4769.794  9.999576E-01  2.840668E-06  2.840908E-06
 730     4821.733  9.999585E-01  2.728314E-06  2.728540E-06
 731     4874.239  9.999594E-01  2.616988E-06  2.617201E-06
 732     4927.316  9.999603E-01  2.510130E-06  2.510329E-06
 733     4980.971  9.999611E-01  2.407555E-06  2.407742E-06
 734     5035.210  9.999620E-01  2.309086E-06  2.309261E-06
 735     5090.040  9.999628E-01  2.214550E-06  2.214715E-06
 736     5145.467  9.999636E-01  2.123782E-06  2.123936E-06
 737     5201.497  9.999644E-01  2.036733E-06  2.036878E-06
 738     5258.138  9.999651E-01  1.953474E-06  1.953611E-06
 739     5315.395  9.999659E-01  1.873522E-06  1.873650E-06
 740     5373.276  9.999666E-01  1.796739E-06  1.796858E-06
 741     5431.787  9.999673E-01  1.722987E-06  1.723100E-06
 742     5490.936  9.999681E-01  1.652141E-06  1.652247E-06
 743     5550.728  9.999687E-01  1.584111E-06  1.584210E-06
 744     5611.171  9.999694E-01  1.519185E-06  1.519278E-06
 745     5672.273  9.999700E-01  1.456792E-06  1.456879E-06
 746     5734.040  9.999707E-01  1.396824E-06  1.396906E-06
 747     5796.479  9.999713E-01  1.339180E-06  1.339257E-06
 748     5859.599  9.999719E-01  1.284100E-06  1.284172E-06
 749     5923.406  9.999725E-01  1.231262E-06  1.231330E-06
 750     5987.907  9.999731E-01  1.180446E-06  1.180509E-06
 751     6053.111  9.999737E-01  1.131657E-06  1.131717E-06
 752     6119.025  9.999743E-01  1.085073E-06  1.085129E-06
 753     6185.657  9.999748E-01  1.040246E-06  1.040299E-06
 754     6253.015  9.999753E-01  9.971764E-07  9.972256E-07
 755     6321.105  9.999759E-01  9.560639E-07  9.561101E-07
 756     6389.938  9.999764E-01  9.164791E-07  9.165223E-07
 757     6459.520  9.999769E-01  8.785516E-07  8.785923E-07
 758     6529.859  9.999774E-01  8.422218E-07  8.422599E-07
 759     6600.965  9.999779E-01  8.072385E-07  8.072741E-07
 760     6672.845  9.999784E-01  7.738817E-07  7.739152E-07
 761     6745.507  9.999788E-01  7.417308E-07  7.417622E-07
 762     6818.961  9.999793E-01  7.110185E-07  7.110480E-07
 763     6893.214  9.999797E-01  6.814698E-07  6.814975E-07
 764     6968.276  9.999802E-01  6.532099E-07  6.532358E-07
 765     7044.156  9.999806E-01  6.260352E-07  6.260595E-07
 766     7120.862  9.999810E-01  6.000550E-07  6.000778E-07
 767     7198.403  9.999814E-01  5.750466E-07  5.750679E-07
 768     7276.789  9.999818E-01  5.511778E-07  5.511978E-07
 769     7356.028  9.999822E-01  5.282021E-07  5.282209E-07
 770     7436.130  9.999826E-01  5.062279E-07  5.062455E-07
 771     7517.104  9.999830E-01  4.851419E-07  4.851584E-07
 772     7598.960  9.999833E-01  4.648807E-07  4.648962E-07
 773     7681.707  9.999837E-01  4.455335E-07  4.455480E-07
 774     7765.355  9.999840E-01  4.269415E-07  4.269551E-07
 775     7849.915  9.999844E-01  4.090870E-07  4.090998E-07
 776     7935.395  9.999847E-01  3.920352E-07  3.920472E-07
 777     8021.805  9.999850E-01  3.756616E-07  3.756728E-07
 778     8109.157  9.999853E-01  3.599465E-07  3.599570E-07
 779     8197.460  9.999856E-01  3.448820E-07  3.448919E-07
 780     8286.725  9.999860E-01  3.304709E-07  3.304802E-07
 781     8376.961  9.999863E-01  3.166446E-07  3.166533E-07
 782     8468.180  9.999865E-01  3.033834E-07  3.033915E-07
 783     8560.393  9.999868E-01  2.906671E-07  2.906747E-07
 784     8653.609  9.999871E-01  2.784758E-07  2.784829E-07
 785     8747.841  9.999874E-01  2.667974E-07  2.668041E-07
 786     8843.099  9.999877E-01  2.556118E-07  2.556181E-07
 787     8939.394  9.999880E-01  2.448881E-07  2.448940E-07
 788     9036.737  9.999882E-01  2.346081E-07  2.346137E-07
 789     9135.141  9.999884E-01  2.247543E-07  2.247595E-07
 790     9234.616  9.999887E-01  2.153097E-07  2.153145E-07
 791     9335.175  9.999889E-01  2.062575E-07  2.062620E-07
 792     9436.828  9.999892E-01  1.975816E-07  1.975859E-07
 793     9539.589  9.999894E-01  1.892663E-07  1.892704E-07
 794     9643.468  9.999896E-01  1.812967E-07  1.813005E-07
 795     9748.479  9.999899E-01  1.736579E-07  1.736614E-07
 796     9854.633  9.999900E-01  1.663438E-07  1.663471E-07
 797     9961.942  9.999903E-01  1.593365E-07  1.593396E-07
 798    10070.421  9.999905E-01  1.526200E-07  1.526229E-07
 799    10180.081  9.999907E-01  1.461817E-07  1.461844E-07
 800    10290.935  9.999909E-01  1.400095E-07  1.400121E-07
 801    10402.995  9.999911E-01  1.340955E-07  1.340979E-07
 802    10516.276  9.999913E-01  1.284363E-07  1.284385E-07
 803    10630.791  9.999915E-01  1.230098E-07  1.230119E-07
 804    10746.553  9.999917E-01  1.178055E-07  1.178075E-07
 805    10863.575  9.999918E-01  1.128268E-07  1.128287E-07
 806    10981.872  9.999920E-01  1.080542E-07  1.080560E-07
 807    11101.457  9.999922E-01  1.034766E-07  1.034782E-07
 808    11222.344  9.999924E-01  9.909974E-08  9.910126E-08
 809    11344.547  9.999925E-01  9.489935E-08  9.490078E-08
 810    11468.081  9.999927E-01  9.088028E-08  9.088162E-08
 811    11592.960  9.999928E-01  8.702600E-08  8.702724E-08
 812    11719.199  9.999930E-01  8.333704E-08  8.333821E-08
 813    11846.813  9.999931E-01  7.979894E-08  7.980004E-08
 814    11975.816  9.999933E-01  7.641467E-08  7.641570E-08
 815    12106.225  9.999934E-01  7.316842E-08  7.316938E-08
 816    12238.053  9.999936E-01  7.006148E-08  7.006238E-08
 817    12371.316  9.999937E-01  6.708512E-08  6.708596E-08
 818    12506.031  9.999939E-01  6.423201E-08  6.423280E-08
 819    12642.213  9.999940E-01  6.150087E-08  6.150161E-08
 820    12779.878  9.999941E-01  5.888555E-08  5.888625E-08
 821    12919.042  9.999942E-01  5.637948E-08  5.638014E-08
 822    13059.722  9.999943E-01  5.397860E-08  5.397921E-08
 823    13201.933  9.999945E-01  5.167880E-08  5.167937E-08
 824    13345.692  9.999946E-01  4.947731E-08  4.947785E-08
 825    13491.018  9.999947E-01  4.736898E-08  4.736948E-08
 826    13637.925  9.999948E-01  4.534954E-08  4.535001E-08
 827    13786.433  9.999949E-01  4.341532E-08  4.341576E-08
 828    13936.557  9.999951E-01  4.156282E-08  4.156323E-08
 829    14088.315  9.999952E-01  3.978864E-08  3.978902E-08
 830    14241.728  9.999952E-01  3.808946E-08  3.808983E-08
 831    14396.810  9.999954E-01  3.646209E-08  3.646243E-08
 832    14553.581  9.999955E-01  3.490405E-08  3.490436E-08
 833    14712.060  9.999955E-01  3.341246E-08  3.341275E-08
 834    14872.264  9.999956E-01  3.198390E-08  3.198418E-08
 835    15034.212  9.999957E-01  3.061560E-08  3.061587E-08
 836    15197.924  9.999958E-01  2.930490E-08  2.930515E-08
 837    15363.418  9.999959E-01  2.805088E-08  2.805111E-08
 838    15530.715  9.999960E-01  2.684976E-08  2.684998E-08
 839    15699.833  9.999961E-01  2.569894E-08  2.569915E-08
 840    15870.793  9.999962E-01  2.459826E-08  2.459845E-08
 841    16043.614  9.999962E-01  2.354347E-08  2.354364E-08
 842    16218.317  9.999964E-01  2.253411E-08  2.253427E-08
 843    16394.924  9.999964E-01  2.156714E-08  2.156730E-08
 844    16573.453  9.999965E-01  2.064194E-08  2.064209E-08
 845    16753.926  9.999965E-01  1.975551E-08  1.975565E-08
 846    16936.363  9.999967E-01  1.890738E-08  1.890751E-08
 847    17120.789  9.999967E-01  1.809524E-08  1.809536E-08
 848    17307.223  9.999968E-01  1.731748E-08  1.731759E-08
 849    17495.686  9.999968E-01  1.657302E-08  1.657313E-08
 850    17686.201  9.999969E-01  1.586053E-08  1.586063E-08
 851    17878.791  9.999970E-01  1.517835E-08  1.517844E-08
 852    18073.479  9.999970E-01  1.452524E-08  1.452533E-08
 853    18270.285  9.999971E-01  1.390002E-08  1.390010E-08
 854    18469.236  9.999972E-01  1.330151E-08  1.330159E-08
 855    18670.354  9.999973E-01  1.272860E-08  1.272867E-08
 856    18873.660  9.999973E-01  1.218019E-08  1.218026E-08
 857    19079.182  9.999974E-01  1.165522E-08  1.165528E-08
 858    19286.939  9.999974E-01  1.115269E-08  1.115275E-08
 859    19496.961  9.999974E-01  1.067160E-08  1.067166E-08
 860    19709.270  9.999975E-01  1.021128E-08  1.021133E-08
 861    19923.889  9.999976E-01  9.770682E-09  9.770730E-09
 862    20140.846  9.999976E-01  9.348838E-09  9.348883E-09
 863    20360.166  9.999977E-01  8.945142E-09  8.945183E-09
 864    20581.873  9.999977E-01  0.000000E+00  0.000000E+00
 865    20805.994  9.999978E-01  8.149357E-09  8.149392E-09
 866    21032.557  9.999978E-01  7.797641E-09  7.797675E-09
 867    21261.586  9.999979E-01  7.461105E-09  7.461137E-09
 868    21493.109  9.999979E-01  7.139093E-09  7.139123E-09
 869    21727.154  9.999980E-01  6.830979E-09  6.831006E-09
 870    21963.748  9.999980E-01  6.536162E-09  6.536189E-09
 871    22202.918  9.999980E-01  6.254069E-09  6.254093E-09
 872    22444.691  9.999981E-01  5.984152E-09  5.984175E-09
 873    22689.098  9.999982E-01  5.725884E-09  5.725906E-09
 874    22936.166  9.999982E-01  5.478762E-09  5.478783E-09
 875    23185.924  9.999982E-01  5.242307E-09  5.242325E-09
 876    23438.402  9.999983E-01  5.016055E-09  5.016072E-09
 877    23693.631  9.999983E-01  4.799568E-09  4.799584E-09
 878    23951.639  9.999983E-01  4.592424E-09  4.592439E-09
 879    24212.455  9.999983E-01  4.394221E-09  4.394235E-09
 880    24476.111  9.999984E-01  4.204572E-09  4.204585E-09
 881    24742.639  9.999985E-01  4.023108E-09  4.023121E-09
 882    25012.068  9.999985E-01  3.849476E-09  3.849488E-09
 883    25284.432  9.999985E-01  3.683338E-09  3.683349E-09
 884    25559.762  9.999985E-01  3.524369E-09  3.524380E-09
 885    25838.090  9.999986E-01  3.372262E-09  3.372271E-09
 886    26119.449  9.999986E-01  3.226719E-09  3.226728E-09
 887    26403.871  9.999986E-01  3.087458E-09  3.087466E-09
 888    26691.391  9.999986E-01  2.954207E-09  2.954215E-09
 889    26982.041  9.999987E-01  2.826707E-09  2.826715E-09
 890    27275.855  9.999987E-01  2.704710E-09  2.704718E-09
 891    27572.871  9.999987E-01  2.587978E-09  2.587985E-09
 892    27873.121  9.999987E-01  2.476284E-09  2.476291E-09
 893    28176.639  9.999988E-01  2.369411E-09  2.369417E-09
 894    28483.463  9.999988E-01  2.267150E-09  2.267156E-09
 895    28793.627  9.999988E-01  2.169303E-09  2.169308E-09
 896    29107.170  9.999989E-01  2.075679E-09  2.075683E-09
 897    29424.127  9.999989E-01  1.986095E-09  1.986099E-09
 898    29744.535  9.999989E-01  1.900377E-09  1.900381E-09
 899    30068.432  9.999989E-01  1.818360E-09  1.818363E-09
 900    30395.855  9.999989E-01  1.739882E-09  1.739885E-09
 901    30726.846  9.999990E-01  1.664790E-09  1.664794E-09
 902    31061.439  9.999990E-01  1.592940E-09  1.592943E-09
 903    31399.676  9.999990E-01  1.524191E-09  1.524194E-09
 904    31741.596  9.999990E-01  1.458409E-09  1.458412E-09
 905    32087.238  9.999990E-01  1.395466E-09  1.395469E-09
 906    32436.646  9.999991E-01  1.335239E-09  1.335242E-09
 907    32789.859  9.999991E-01  1.277612E-09  1.277614E-09
 908    33146.918  9.999991E-01  1.222472E-09  1.222474E-09
 909    33507.863  9.999992E-01  1.169712E-09  1.169714E-09
 910    33872.738  9.999992E-01  1.119229E-09  1.119230E-09
 911    34241.590  9.999992E-01  1.070924E-09  1.070926E-09
 912    34614.457  9.999992E-01  1.024704E-09  1.024706E-09
 913    34991.383  9.999992E-01  9.804794E-10  9.804809E-10
 914    35372.414  9.999992E-01  9.381631E-10  9.381645E-10
 915    35757.594  9.999992E-01  8.976733E-10  8.976747E-10
 916    36146.969  9.999993E-01  8.589309E-10  8.589321E-10
 917    36540.582  9.999993E-01  8.218606E-10  8.218618E-10
 918    36938.484  9.999993E-01  7.863901E-10  7.863912E-10
 919    37340.719  9.999993E-01  7.524504E-10  7.524515E-10
 920    37747.332  9.999993E-01  7.199757E-10  7.199766E-10
 921    38158.375  9.999993E-01  6.889024E-10  6.889033E-10
 922    38573.895  9.999993E-01  6.591701E-10  6.591709E-10
 923    38993.938  9.999993E-01  6.307211E-10  6.307219E-10
 924    39418.555  9.999994E-01  6.034999E-10  6.035006E-10
 925    39847.793  9.999994E-01  5.774538E-10  5.774544E-10
 926    40281.707  9.999994E-01  5.525316E-10  5.525322E-10
 927    40720.348  9.999994E-01  5.286850E-10  5.286856E-10
 928    41163.762  9.999994E-01  5.058677E-10  5.058683E-10
 929    41612.008  9.999995E-01  4.840350E-10  4.840355E-10
 930    42065.133  9.999995E-01  4.631446E-10  4.631451E-10
 931    42523.191  9.999995E-01  4.431560E-10  4.431564E-10
 932    42986.238  9.999995E-01  4.240300E-10  4.240304E-10
 933    43454.328  9.999995E-01  4.057293E-10  4.057298E-10
 934    43927.516  9.999995E-01  3.882186E-10  3.882189E-10
 935    44405.855  9.999995E-01  3.714636E-10  3.714639E-10
 936    44889.402  9.999995E-01  3.554317E-10  3.554320E-10
 937    45378.215  9.999995E-01  3.400917E-10  3.400921E-10
 938    45872.352  9.999995E-01  3.254138E-10  3.254141E-10
 939    46371.867  9.999995E-01  3.113694E-10  3.113697E-10
 940    46876.824  9.999996E-01  2.979311E-10  2.979313E-10
 941    47387.281  9.999996E-01  2.850727E-10  2.850730E-10
 942    47903.297  9.999996E-01  2.727693E-10  2.727696E-10
 943    48424.930  9.999996E-01  2.609969E-10  2.609972E-10
 944    48952.242  9.999996E-01  2.497327E-10  2.497329E-10
 945    49485.297  9.999996E-01  2.389546E-10  2.389547E-10
 946    50024.156  9.999996E-01  2.286416E-10  2.286417E-10
 947    50568.883  9.999996E-01  2.187737E-10  2.187738E-10
 948    51119.543  9.999996E-01  2.093317E-10  2.093319E-10
 949    51676.199  9.999996E-01  2.002972E-10  2.002973E-10
 950    52238.918  9.999996E-01  1.916526E-10  1.916527E-10
 951    52807.762  9.999996E-01  1.833811E-10  1.833813E-10
 952    53382.801  9.999996E-01  1.754666E-10  1.754668E-10
 953    53964.102  9.999996E-01  1.678937E-10  1.678939E-10
 954    54551.730  9.999997E-01  1.606477E-10  1.606478E-10
 955    55145.762  9.999997E-01  1.537143E-10  1.537144E-10
 956    55746.262  9.999997E-01  1.470802E-10  1.470803E-10
 957    56353.301  9.999997E-01  1.407324E-10  1.407324E-10
 958    56966.949  9.999997E-01  1.346585E-10  1.346586E-10
 959    57587.277  9.999997E-01  1.288468E-10  1.288469E-10
 960    58214.363  9.999997E-01  1.232860E-10  1.232860E-10
 961    58848.277  9.999997E-01  1.179651E-10  1.179652E-10
 962    59489.094  9.999997E-01  1.128739E-10  1.128739E-10
 963    60136.887  9.999998E-01  1.080024E-10  1.080024E-10
 964    60791.734  9.999998E-01  1.033411E-10  1.033412E-10
 965    61453.715  9.999998E-01  9.888106E-11  9.888111E-11
 966    62122.902  9.999998E-01  9.461348E-11  9.461353E-11
 967    62799.375  9.999998E-01  9.053009E-11  9.053013E-11
 968    63483.215  9.999998E-01  8.662293E-11  8.662297E-11
 969    64174.504  9.999998E-01  8.288439E-11  8.288443E-11
 970    64873.320  9.999998E-01  7.930720E-11  7.930723E-11
 971    65579.742  9.999998E-01  7.588441E-11  7.588444E-11
 972    66293.859  9.999998E-01  7.260934E-11  7.260937E-11
 973    67015.750  9.999998E-01  6.947562E-11  6.947565E-11
 974    67745.508  9.999998E-01  6.647713E-11  6.647716E-11
 975    68483.211  9.999998E-01  6.360805E-11  6.360807E-11
 976    69228.945  9.999998E-01  6.086280E-11  6.086282E-11
 977    69982.797  9.999998E-01  5.823605E-11  5.823607E-11
 978    70744.859  9.999998E-01  5.572266E-11  5.572268E-11
 979    71515.219  9.999998E-01  5.331775E-11  5.331776E-11
 980    72293.969  9.999998E-01  5.101662E-11  5.101664E-11
 981    73081.195  9.999998E-01  4.881482E-11  4.881484E-11
 982    73877.000  9.999998E-01  4.670803E-11  4.670804E-11
 983    74681.469  9.999998E-01  4.469217E-11  4.469218E-11
 984    75494.695  9.999998E-01  4.276331E-11  4.276333E-11
 985    76316.781  9.999998E-01  4.091770E-11  4.091771E-11
 986    77147.820  9.999998E-01  3.915173E-11  3.915175E-11
 987    77987.906  9.999998E-01  3.746200E-11  3.746201E-11
 988    78837.141  9.999998E-01  3.584518E-11  3.584519E-11
 989    79695.625  9.999998E-01  3.429814E-11  3.429815E-11
 990    80563.453  9.999999E-01  3.281788E-11  3.281789E-11
 991    81440.734  9.999999E-01  3.140150E-11  3.140150E-11
 992    82327.563  9.999999E-01  3.004626E-11  3.004626E-11
 993    83224.055  9.999999E-01  2.874949E-11  2.874950E-11
 994    84130.305  9.999999E-01  2.750870E-11  2.750871E-11
 995    85046.422  9.999999E-01  2.632146E-11  2.632147E-11
 996    85972.516  9.999999E-01  2.518547E-11  2.518547E-11
 997    86908.695  9.999999E-01  2.409849E-11  2.409850E-11
 998    87855.070  9.999999E-01  2.305843E-11  2.305844E-11
 999    88811.750  9.999999E-01  2.206326E-11  2.206326E-11
1000    89778.844  9.999999E-01  2.111104E-11  2.111105E-11
1001    90756.469  9.999999E-01  2.019992E-11  2.019992E-11
1002    91744.742  9.999999E-01  1.932812E-11  1.932812E-11
1003    92743.781  9.999999E-01  1.849393E-11  1.849394E-11
1004    93753.695  9.999999E-01  1.769576E-11  1.769576E-11
1005    94774.609  9.999999E-01  1.693203E-11  1.693204E-11
1006    95806.641  9.999999E-01  1.620126E-11  1.620127E-11
1007    96849.906  9.999999E-01  1.550204E-11  1.550204E-11
1008    97904.531  9.999999E-01  1.483299E-11  1.483299E-11
1009    98970.641  9.999999E-01  1.419282E-11  1.419282E-11
1010   100048.359  9.999999E-01  1.358028E-11  1.358028E-11
1011   101137.813  9.999999E-01  1.299417E-11  1.299417E-11
1012   102239.133  9.999999E-01  1.243336E-11  1.243336E-11
1013   103352.445  9.999999E-01  1.189675E-11  1.189675E-11
1014   104477.883  9.999999E-01  1.138330E-11  1.138330E-11
1015   105615.570  9.999999E-01  1.089201E-11  1.089201E-11
1016   106765.648  9.999999E-01  1.042193E-11  1.042193E-11
1017   107928.250  9.999999E-01  9.972131E-12  9.972132E-12
1018   109103.516  9.999999E-01  9.541745E-12  9.541746E-12
1019   110291.578  9.999999E-01  9.129935E-12  9.129936E-12
1020   111492.578  9.999999E-01  8.735897E-12  8.735898E-12
1021   112706.656  9.999999E-01  8.358867E-12  8.358867E-12
1022   113933.953  9.999999E-01  7.998108E-12  7.998109E-12
1023   115174.609  9.999999E-01  7.652921E-12  7.652922E-12
1024   116428.781  9.999999E-01  7.322629E-12  7.322630E-12
1025   117696.609  9.999999E-01  7.006594E-12  7.006595E-12
1026   118978.242  9.999999E-01  6.704199E-12  6.704200E-12
1027   120273.828  9.999999E-01  6.414855E-12  6.414856E-12
1028   121583.523  9.999999E-01  6.137998E-12  6.137999E-12
1029   122907.484  9.999999E-01  5.873089E-12  5.873090E-12
1030   124245.859  9.999999E-01  5.619614E-12  5.619615E-12
1031   125598.813  9.999999E-01  5.377078E-12  5.377079E-12
1032   126966.492  9.999999E-01  5.145011E-12  5.145011E-12
1033   128349.070  9.999999E-01  4.922958E-12  4.922959E-12
1034   129746.703  9.999999E-01  4.710489E-12  4.710489E-12
1035   131159.547  9.999999E-01  4.507191E-12  4.507192E-12
1036   132587.781  9.999999E-01  4.312667E-12  4.312667E-12
1037   134031.563  9.999999E-01  4.126538E-12  4.126539E-12
1038   135491.078  9.999999E-01  3.948441E-12  3.948442E-12
1039   136966.484  9.999999E-01  3.778031E-12  3.778031E-12
1040   138457.953  9.999999E-01  3.614976E-12  3.614977E-12
1041   139965.656  9.999999E-01  3.458959E-12  3.458959E-12
1042   141489.781  9.999999E-01  3.309675E-12  3.309675E-12
1043   143030.500  9.999999E-01  3.166834E-12  3.166834E-12
1044   144588.000  9.999999E-01  3.030157E-12  3.030158E-12
1045   146162.453  9.999999E-01  2.899380E-12  2.899381E-12
1046   147754.063  9.999999E-01  2.774247E-12  2.774247E-12
1047   149363.000  9.999999E-01  2.654514E-12  2.654514E-12
1048   150989.453  9.999999E-01  2.539949E-12  2.539949E-12
1049   152633.625  9.999999E-01  2.430327E-12  2.430327E-12
1050   154295.703  9.999999E-01  2.325437E-12  2.325437E-12
1051   155975.875  9.999999E-01  2.225074E-12  2.225074E-12
1052   157674.344  9.999999E-01  2.129042E-12  2.129043E-12
1053   159391.313  9.999999E-01  2.037155E-12  2.037156E-12
1054   161126.969  9.999999E-01  1.949234E-12  1.949235E-12
1055   162881.531  9.999999E-01  1.865108E-12  1.865108E-12
1056   164655.203  9.999999E-01  1.784612E-12  1.784612E-12
1057   166448.188  9.999999E-01  1.707590E-12  1.707590E-12
1058   168260.688  9.999999E-01  1.633893E-12  1.633893E-12
1059   170092.922  9.999999E-01  1.563376E-12  1.563376E-12
1060   171945.109  9.999999E-01  1.495903E-12  1.495903E-12
1061   173817.469  9.999999E-01  1.431342E-12  1.431342E-12
1062   175710.219  9.999999E-01  1.369567E-12  1.369567E-12
1063   177623.578  9.999999E-01  1.310458E-12  1.310458E-12
1064   179557.766  9.999999E-01  1.253901E-12  1.253901E-12
1065   181513.016  1.000000E+00  1.199784E-12  1.199784E-12
1066   183489.563  1.000000E+00  1.148003E-12  1.148003E-12
1067   185487.641  1.000000E+00  1.098456E-12  1.098456E-12
1068   187507.469  1.000000E+00  1.051048E-12  1.051048E-12
1069   189549.297  1.000000E+00  1.005687E-12  1.005687E-12
1070   191613.359  1.000000E+00  9.622822E-13  9.622822E-13
1071   193699.891  1.000000E+00  9.207514E-13  9.207514E-13
1072   195809.141  1.000000E+00  8.810130E-13  8.810130E-13
1073   197941.359  1.000000E+00  8.429897E-13  8.429897E-13
1074   200096.797  1.000000E+00  8.066074E-13  8.066074E-13
1075   202275.703  1.000000E+00  7.717954E-13  7.717954E-13
1076   204478.344  1.000000E+00  7.384857E-13  7.384857E-13
1077   206704.969  1.000000E+00  7.066135E-13  7.066135E-13
1078   208955.844  1.000000E+00  6.761169E-13  6.761169E-13
1079   211231.219  1.000000E+00  6.469367E-13  6.469367E-13
1080   213531.375  1.000000E+00  6.190157E-13  6.190157E-13
1081   215856.578  1.000000E+00  5.922998E-13  5.922998E-13
1082   218207.109  1.000000E+00  5.667368E-13  5.667368E-13
1083   220583.234  1.000000E+00  5.422772E-13  5.422772E-13
1084   222985.234  1.000000E+00  5.188731E-13  5.188731E-13
1085   225413.391  1.000000E+00  4.964792E-13  4.964792E-13
1086   227867.984  1.000000E+00  4.750517E-13  4.750517E-13
1087   230349.313  1.000000E+00  4.545491E-13  4.545491E-13
1088   232857.656  1.000000E+00  4.349313E-13  4.349313E-13
1089   235393.313  1.000000E+00  4.161602E-13  4.161602E-13
1090   237956.578  1.000000E+00  3.981992E-13  3.981992E-13
1091   240547.750  1.000000E+00  3.810135E-13  3.810135E-13
1092   243167.141  1.000000E+00  3.645695E-13  3.645695E-13
1093   245815.063  1.000000E+00  3.488351E-13  3.488351E-13
1094   248491.813  1.000000E+00  3.337799E-13  3.337799E-13
1095   251197.719  1.000000E+00  3.193743E-13  3.193743E-13
1096   253933.078  1.000000E+00  3.055905E-13  3.055905E-13
1097   256698.234  1.000000E+00  2.924016E-13  2.924016E-13
1098   259493.500  1.000000E+00  2.797819E-13  2.797819E-13
1099   262319.188  1.000000E+00  2.677069E-13  2.677069E-13
1100   265175.656  1.000000E+00  2.561531E-13  2.561531E-13
1101   268063.219  1.000000E+00  2.450979E-13  2.450979E-13
1102   270982.250  1.000000E+00  2.345197E-13  2.345197E-13
1103   273933.063  1.000000E+00  2.243981E-13  2.243981E-13
1104   276916.000  1.000000E+00  2.147134E-13  2.147134E-13
1105   279931.406  1.000000E+00  2.054466E-13  2.054466E-13
1106   282979.656  1.000000E+00  1.965799E-13  1.965799E-13
1107   286061.094  1.000000E+00  1.880958E-13  1.880958E-13
1108   289176.094  1.000000E+00  1.799778E-13  1.799778E-13
1109   292325.031  1.000000E+00  1.722101E-13  1.722101E-13
1110   295508.250  1.000000E+00  1.647778E-13  1.647778E-13
1111   298726.125  1.000000E+00  1.576661E-13  1.576661E-13
1112   301979.031  1.000000E+00  1.508615E-13  1.508615E-13
1113   305267.375  1.000000E+00  1.443505E-13  1.443505E-13
1114   308591.531  1.000000E+00  1.381205E-13  1.381205E-13
1115   311951.875  1.000000E+00  1.321594E-13  1.321594E-13
1116   315348.813  1.000000E+00  1.264556E-13  1.264556E-13
1117   318782.750  1.000000E+00  1.209979E-13  1.209979E-13
1118   322254.063  1.000000E+00  1.157758E-13  1.157758E-13
1119   325763.188  1.000000E+00  1.107790E-13  1.107790E-13
1120   329310.531  1.000000E+00  1.059979E-13  1.059979E-13
1121   332896.500  1.000000E+00  1.014232E-13  1.014232E-13
1122   336521.500  1.000000E+00  9.704589E-14  9.704589E-14
1123   340185.969  1.000000E+00  9.285753E-14  9.285753E-14
1124   343890.344  1.000000E+00  8.884993E-14  8.884993E-14
1125   347635.063  1.000000E+00  8.501527E-14  8.501527E-14
1126   351420.563  1.000000E+00  8.134613E-14  8.134613E-14
1127   355247.281  1.000000E+00  7.783533E-14  7.783533E-14
1128   359115.688  1.000000E+00  7.447605E-14  7.447605E-14
1129   363026.188  1.000000E+00  7.126177E-14  7.126177E-14
1130   366979.281  1.000000E+00  6.818621E-14  6.818621E-14
1131   370975.438  1.000000E+00  6.524337E-14  6.524337E-14
1132   375015.094  1.000000E+00  6.242755E-14  6.242755E-14
1133   379098.750  1.000000E+00  5.973325E-14  5.973325E-14
1134   383226.875  1.000000E+00  5.715524E-14  5.715524E-14
1135   387399.938  1.000000E+00  5.468849E-14  5.468849E-14
1136   391618.438  1.000000E+00  5.232821E-14  5.232821E-14
1137   395882.875  1.000000E+00  5.006980E-14  5.006980E-14
1138   400193.750  1.000000E+00  4.790885E-14  4.790885E-14
1139   404551.563  1.000000E+00  4.584117E-14  4.584117E-14
1140   408956.844  1.000000E+00  4.386273E-14  4.386273E-14
1141   413410.094  1.000000E+00  4.196967E-14  4.196967E-14
1142   417911.844  1.000000E+00  4.015831E-14  4.015831E-14
1143   422462.594  1.000000E+00  3.842513E-14  3.842513E-14
1144   427062.906  1.000000E+00  3.676675E-14  3.676675E-14
1145   431713.313  1.000000E+00  3.517995E-14  3.517995E-14
1146   436414.375  1.000000E+00  3.366162E-14  3.366162E-14
1147   441166.625  1.000000E+00  3.220883E-14  3.220883E-14
1148   445970.625  1.000000E+00  3.081873E-14  3.081873E-14
1149   450826.938  1.000000E+00  2.948864E-14  2.948864E-14
1150   455736.125  1.000000E+00  2.821594E-14  2.821594E-14
1151   460698.781  1.000000E+00  2.699818E-14  2.699818E-14
1152   465715.469  1.000000E+00  2.583297E-14  2.583297E-14
1153   470786.781  1.000000E+00  2.471805E-14  2.471805E-14
1154   475913.313  1.000000E+00  2.365125E-14  2.365125E-14
1155   481095.656  1.000000E+00  2.263050E-14  2.263050E-14
1156   486334.438  1.000000E+00  2.165380E-14  2.165380E-14
1157   491630.281  1.000000E+00  2.071924E-14  2.071924E-14
1158   496983.781  1.000000E+00  1.982503E-14  1.982503E-14
1159   502395.594  1.000000E+00  1.896940E-14  1.896940E-14
1160   507866.313  1.000000E+00  1.815071E-14  1.815071E-14
1161   513396.625  1.000000E+00  1.736735E-14  1.736735E-14
1162   518987.156  1.000000E+00  1.661779E-14  1.661779E-14
1163   524638.563  1.000000E+00  1.590059E-14  1.590059E-14
1164   530351.500  1.000000E+00  1.521434E-14  1.521434E-14
1165   536126.625  1.000000E+00  1.455771E-14  1.455771E-14
1166   541964.688  1.000000E+00  1.392942E-14  1.392942E-14
1167   547866.313  1.000000E+00  1.332824E-14  1.332824E-14
1168   553832.188  1.000000E+00  1.275301E-14  1.275301E-14
1169   559863.000  1.000000E+00  1.220261E-14  1.220261E-14
1170   565959.500  1.000000E+00  1.167596E-14  1.167596E-14
1171   572122.375  1.000000E+00  1.117205E-14  1.117205E-14
1172   578352.375  1.000000E+00  1.068987E-14  1.068987E-14
1173   584650.250  1.000000E+00  1.022851E-14  1.022851E-14
1174   591016.688  1.000000E+00  9.787060E-15  9.787060E-15
1175   597452.438  1.000000E+00  9.364663E-15  9.364663E-15
1176   603958.250  1.000000E+00  8.960498E-15  8.960498E-15
1177   610534.938  1.000000E+00  8.573773E-15  8.573773E-15
1178   617183.250  1.000000E+00  8.203739E-15  8.203739E-15
1179   623903.938  1.000000E+00  7.849676E-15  7.849676E-15
1180   630697.813  1.000000E+00  7.510894E-15  7.510894E-15
1181   637565.688  1.000000E+00  7.186733E-15  7.186733E-15
1182   644508.313  1.000000E+00  6.876563E-15  6.876563E-15
1183   651526.563  1.000000E+00  6.579779E-15  6.579779E-15
1184   658621.250  1.000000E+00  6.295803E-15  6.295803E-15
1185   665793.188  1.000000E+00  6.024083E-15  6.024083E-15
1186   673043.188  1.000000E+00  5.764092E-15  5.764092E-15
1187   680372.125  1.000000E+00  5.515322E-15  5.515322E-15
1188   687780.875  1.000000E+00  5.277289E-15  5.277289E-15
1189   695270.313  1.000000E+00  5.049528E-15  5.049528E-15
1190   702841.313  1.000000E+00  4.831597E-15  4.831597E-15
1191   710494.750  1.000000E+00  4.623071E-15  4.623071E-15
1192   718231.563  1.000000E+00  4.423544E-15  4.423544E-15
1193   726052.625  1.000000E+00  4.232630E-15  4.232630E-15
1194   733958.813  1.000000E+00  4.049955E-15  4.049955E-15
1195   741951.125  1.000000E+00  3.875163E-15  3.875163E-15
1196   750030.438  1.000000E+00  3.707916E-15  3.707916E-15
1197   758197.750  1.000000E+00  3.547887E-15  3.547887E-15
1198   766454.000  1.000000E+00  3.394765E-15  3.394765E-15
1199   774800.125  1.000000E+00  3.248251E-15  3.248251E-15
1200   783237.125  1.000000E+00  3.108061E-15  3.108061E-15
1201   791766.000  1.000000E+00  2.973922E-15  2.973922E-15
1202   800387.750  1.000000E+00  2.845571E-15  2.845571E-15
1203   809103.375  1.000000E+00  2.722761E-15  2.722761E-15
1204   817913.938  1.000000E+00  2.605250E-15  2.605250E-15
1205   826820.438  1.000000E+00  2.492811E-15  2.492811E-15
1206   835823.938  1.000000E+00  2.385224E-15  2.385224E-15
1207   844925.438  1.000000E+00  2.282281E-15  2.282281E-15
1208   854126.063  1.000000E+00  2.183781E-15  2.183781E-15
1209   863426.875  1.000000E+00  2.089532E-15  2.089532E-15
1210   872829.000  1.000000E+00  1.999350E-15  1.999350E-15
1211   882333.500  1.000000E+00  1.913061E-15  1.913061E-15
1212   891941.500  1.000000E+00  1.830495E-15  1.830495E-15
1213   901654.125  1.000000E+00  1.751493E-15  1.751493E-15
1214   911472.500  1.000000E+00  1.675901E-15  1.675901E-15
1215   921397.813  1.000000E+00  1.603571E-15  1.603571E-15
1216   931431.188  1.000000E+00  1.534363E-15  1.534363E-15
1217   941573.813  1.000000E+00  1.468142E-15  1.468142E-15
1218   951826.875  1.000000E+00  1.404779E-15  1.404779E-15
1219   962191.625  1.000000E+00  1.344150E-15  1.344150E-15
1220   972669.188  1.000000E+00  1.286138E-15  1.286138E-15
1221   983260.875  1.000000E+00  1.230630E-15  1.230630E-15
1222   993967.875  1.000000E+00  1.177518E-15  1.177518E-15
1223  1004791.500  1.000000E+00  1.126698E-15  1.126698E-15
1224  1015732.938  1.000000E+00  1.078071E-15  1.078071E-15
1225  1026793.563  1.000000E+00  1.031543E-15  1.031543E-15
1226  1037974.625  1.000000E+00  9.870226E-16  9.870226E-16
1227  1049277.375  1.000000E+00  9.444243E-16  9.444243E-16
1228  1060703.250  1.000000E+00  9.036641E-16  9.036641E-16
1229  1072253.500  1.000000E+00  8.646633E-16  8.646633E-16
1230  1083929.625  1.000000E+00  8.273454E-16  8.273454E-16
1231  1095732.875  1.000000E+00  7.916382E-16  7.916382E-16
1232  1107664.625  1.000000E+00  7.574720E-16  7.574720E-16
1233  1119726.250  1.000000E+00  7.247807E-16  7.247807E-16
1234  1131919.250  1.000000E+00  6.935001E-16  6.935001E-16
1235  1144245.000  1.000000E+00  6.635696E-16  6.635696E-16
1236  1156705.000  1.000000E+00  6.349309E-16  6.349309E-16
1237  1169300.750  1.000000E+00  6.075280E-16  6.075280E-16
1238  1182033.625  1.000000E+00  5.813078E-16  5.813078E-16
1239  1194905.125  1.000000E+00  5.562193E-16  5.562193E-16
1240  1207916.750  1.000000E+00  5.322137E-16  5.322137E-16
1241  1221070.125  1.000000E+00  5.092440E-16  5.092440E-16
1242  1234366.750  1.000000E+00  4.872656E-16  4.872656E-16
1243  1247808.125  1.000000E+00  4.662358E-16  4.662358E-16
1244  1261395.875  1.000000E+00  4.461137E-16  4.461137E-16
1245  1275131.625  1.000000E+00  4.268599E-16  4.268599E-16
1246  1289016.875  1.000000E+00  4.084372E-16  4.084372E-16
1247  1303053.375  1.000000E+00  3.908096E-16  3.908096E-16
1248  1317242.750  1.000000E+00  3.739427E-16  3.739427E-16
1249  1331586.625  1.000000E+00  3.578038E-16  3.578038E-16
1250  1346086.625  1.000000E+00  3.423615E-16  3.423615E-16
