0, 0.765674, 0
2017-8-8  17:14
 COV.SPE , t= 0.03
-inf, 3.33197e+06, 0.765674, 1000, 1.80764, 938.256, 1
1700, -2147483636, 0, 1.01089, 1.5
1.5, 1.51633, 1.53285, 1.54954, 1.56641, 1.58347
1.60071, 1.61814, 1.63576, 1.65357, 1.67158, 1.68978
1.70818, 1.72678, 1.74559, 1.76459, 1.78381, 1.80323
1.82287, 1.84272, 1.86279, 1.88307, 1.90358, 1.9243
1.94526, 1.96644, 1.98785, 2.0095, 2.03138, 2.0535
2.07586, 2.09847, 2.12132, 2.14442, 2.16777, 2.19138
2.21524, 2.23936, 2.26375, 2.2884, 2.31332, 2.33851
2.36397, 2.38971, 2.41574, 2.44204, 2.46863, 2.49551
2.52269, 2.55016, 2.57793, 2.606, 2.63438, 2.66306
2.69206, 2.72138, 2.75101, 2.78097, 2.81125, 2.84186
2.87281, 2.90409, 2.93572, 2.96768, 3, 3.03267
3.06569, 3.09908, 3.13282, 3.16694, 3.20142, 3.23628
3.27152, 3.30715, 3.34316, 3.37957, 3.41637, 3.45357
3.49118, 3.52919, 3.56762, 3.60647, 3.64574, 3.68544
3.72557, 3.76614, 3.80715, 3.84861, 3.89052, 3.93288
3.97571, 4.019, 4.06277, 4.10701, 4.15173, 4.19694
4.24264, 4.28884, 4.33554, 4.38275, 4.43048, 4.47872
4.52749, 4.5768, 4.62663, 4.67701, 4.72794, 4.77943
4.83147, 4.88408, 4.93727, 4.99103, 5.04538, 5.10032
5.15586, 5.212, 5.26876, 5.32613, 5.38413, 5.44276
5.50203, 5.56194, 5.62251, 5.68373, 5.74562, 5.80819
5.87144, 5.93537, 6, 6.06534, 6.13139, 6.19815
6.26565, 6.33387, 6.40285, 6.47257, 6.54305, 6.6143
6.68632, 6.75913, 6.83274, 6.90714, 6.98235, 7.05839
7.13525, 7.21294, 7.29149, 7.37089, 7.45115, 7.53229
7.61431, 7.69722, 7.78104, 7.86577, 7.95142, 8.03801
8.12554, 8.21402, 8.30346, 8.39388, 8.48529, 8.57768
8.67109, 8.76551, 8.86096, 8.95745, 9.05499, 9.15359
9.25327, 9.35403, 9.45589, 9.55886, 9.66295, 9.76817
9.87454, 9.98207, 10.0908, 10.2006, 10.3117, 10.424
10.5375, 10.6523, 10.7683, 10.8855, 11.0041, 11.1239
11.245, 11.3675, 11.4912, 11.6164, 11.7429, 11.8707
12, 12.1307, 12.2628, 12.3963, 12.5313, 12.6678
12.8057, 12.9451, 13.0861, 13.2286, 13.3727, 13.5183
13.6655, 13.8143, 13.9647, 14.1168, 14.2705, 14.4259
14.583, 14.7418, 14.9023, 15.0646, 15.2286, 15.3945
15.5621, 15.7315, 15.9029, 16.076, 16.2511, 16.428
16.6069, 16.7878, 16.9706, 17.1554, 17.3422, 17.531
17.7219, 17.9149, 18.11, 18.3072, 18.5065, 18.7081
18.9118, 19.1177, 19.3259, 19.5363, 19.7491, 19.9641
20.1815, 20.4013, 20.6234, 20.848, 21.075, 21.3045
21.5365, 21.771, 22.0081, 22.2478, 22.49, 22.7349
22.9825, 23.2328, 23.4858, 23.7415, 24, 24.2614
24.5256, 24.7926, 25.0626, 25.3355, 25.6114, 25.8903
26.1722, 26.4572, 26.7453, 27.0365, 27.331, 27.6286
27.9294, 28.2336, 28.541, 28.8518, 29.166, 29.4836
29.8046, 30.1292, 30.4573, 30.7889, 31.1242, 31.4631
31.8057, 32.1521, 32.5022, 32.8561, 33.2139, 33.5755
33.9412, 34.3108, 34.6844, 35.0621, 35.4439, 35.8298
36.22, 36.6144, 37.0131, 37.4161, 37.8236, 38.2355
38.6518, 39.0727, 39.4982, 39.9283, 40.3631, 40.8026
41.2469, 41.6961, 42.1501, 42.6091, 43.0731, 43.5421
44.0162, 44.4955, 44.9801, 45.4699, 45.965, 46.4655
46.9715, 47.483, 48.0001, 48.5227, 49.0511, 49.5852
50.1252, 50.671, 51.2228, 51.7806, 52.3444, 52.9144
53.4906, 54.0731, 54.6619, 55.2571, 55.8589, 56.4671
57.082, 57.7036, 58.3319, 58.9671, 59.6092, 60.2584
60.9145, 61.5778, 62.2484, 62.9262, 63.6114, 64.3041
65.0043, 65.7122, 66.4278, 67.1511, 67.8823, 68.6215
69.3688, 70.1241, 70.8877, 71.6597, 72.44, 73.2288
74.0262, 74.8323, 75.6472, 76.4709, 77.3036, 78.1454
78.9964, 79.8566, 80.7262, 81.6052, 82.4939, 83.3922
84.3002, 85.2182, 86.1462, 87.0842, 88.0325, 88.9911
89.9602, 90.9398, 91.9301, 92.9311, 93.9431, 94.966
96.0002, 97.0455, 98.1023, 99.1705, 100.25, 101.342
102.446, 103.561, 104.689, 105.829, 106.981, 108.146
109.324, 110.514, 111.718, 112.934, 114.164, 115.407
116.664, 117.934, 119.219, 120.517, 121.829, 123.156
124.497, 125.852, 127.223, 128.608, 130.009, 131.424
132.856, 134.302, 135.765, 137.243, 138.738, 140.248
141.776, 143.319, 144.88, 146.458, 148.053, 149.665
151.294, 152.942, 154.607, 156.291, 157.993, 159.713
161.452, 163.211, 164.988, 166.784, 168.601, 170.436
172.292, 174.169, 176.065, 177.982, 179.92, 181.88
183.86, 185.862, 187.886, 189.932, 192, 194.091
196.205, 198.341, 200.501, 202.684, 204.891, 207.123
209.378, 211.658, 213.963, 216.293, 218.648, 221.029
223.436, 225.869, 228.328, 230.815, 233.328, 235.869
238.437, 241.034, 243.658, 246.312, 248.994, 251.705
254.446, 257.217, 260.018, 262.849, 265.711, 268.605
271.53, 274.486, 277.475, 280.497, 283.551, 286.639
289.76, 292.915, 296.105, 299.329, 302.589, 305.884
309.215, 312.582, 315.986, 319.427, 322.905, 326.421
329.976, 333.569, 337.201, 340.873, 344.585, 348.337
352.13, 355.965, 359.841, 363.759, 367.721, 371.725
375.773, 379.864, 384.001, 388.182, 392.409, 396.682
401.002, 405.369, 409.783, 414.245, 418.756, 423.316
427.926, 432.585, 437.296, 442.058, 446.871, 451.738
456.657, 461.629, 466.656, 471.738, 476.875, 482.067
487.317, 492.623, 497.988, 503.41, 508.892, 514.434
520.035, 525.698, 531.423, 537.21, 543.059, 548.973
554.951, 560.994, 567.103, 573.278, 579.521, 585.831
592.211, 598.659, 605.178, 611.768, 618.43, 625.164
631.972, 638.854, 645.81, 652.843, 659.952, 667.138
674.403, 681.746, 689.17, 696.675, 704.261, 711.93
719.682, 727.519, 735.441, 743.45, 751.545, 759.729
768.002, 776.365, 784.819, 793.365, 802.004, 810.738
819.566, 828.491, 837.512, 846.632, 855.851, 865.171
874.592, 884.116, 893.743, 903.475, 913.314, 923.259
933.313, 943.476, 953.749, 964.135, 974.634, 985.247
995.976, 1006.82, 1017.78, 1028.87, 1040.07, 1051.4
1062.85, 1074.42, 1086.12, 1097.95, 1109.9, 1121.99
1134.21, 1146.56, 1159.04, 1171.66, 1184.42, 1197.32
1210.36, 1223.54, 1236.86, 1250.33, 1263.94, 1277.71
1291.62, 1305.69, 1319.9, 1334.28, 1348.81, 1363.49
1378.34, 1393.35, 1408.52, 1423.86, 1439.36, 1455.04
1470.88, 1486.9, 1503.09, 1519.46, 1536, 1552.73
1569.64, 1586.73, 1604.01, 1621.48, 1639.13, 1656.98
1675.02, 1693.26, 1711.7, 1730.34, 1749.18, 1768.23
1787.49, 1806.95, 1826.63, 1846.52, 1866.63, 1886.95
1907.5, 1928.27, 1949.27, 1970.49, 1991.95, 2013.64
2035.57, 2057.74, 2080.14, 2102.79, 2125.69, 2148.84
2172.24, 2195.89, 2219.8, 2243.98, 2268.41, 2293.11
2318.08, 2343.33, 2368.84, 2394.64, 2420.71, 2447.07
2473.72, 2500.66, 2527.89, 2555.42, 2583.24, 2611.37
2639.81, 2668.55, 2697.61, 2726.99, 2756.68, 2786.7
2817.05, 2847.72, 2878.73, 2910.08, 2941.77, 2973.8
3006.18, 3038.92, 3072.01, 3105.46, 3139.28, 3173.46
3208.02, 3242.95, 3278.27, 3313.96, 3350.05, 3386.53
3423.41, 3460.69, 3498.37, 3536.46, 3574.97, 3613.9
3653.26, 3693.04, 3733.25, 3773.9, 3815, 3856.54
3898.54, 3940.99, 3983.9, 4027.29, 4071.14, 4115.47
4160.29, 4205.59, 4251.38, 4297.68, 4344.48, 4391.79
4439.61, 4487.95, 4536.82, 4586.23, 4636.17, 4686.65
4737.69, 4789.28, 4841.43, 4894.15, 4947.44, 5001.32
5055.78, 5110.83, 5166.48, 5222.74, 5279.62, 5337.11
5395.22, 5453.97, 5513.36, 5573.4, 5634.09, 5695.44
5757.46, 5820.16, 5883.53, 5947.6, 6012.37, 6077.84
6144.02, 6210.92, 6278.56, 6346.92, 6416.04, 6485.9
6556.53, 6627.93, 6700.1, 6773.06, 6846.81, 6921.37
6996.74, 7072.93, 7149.95, 7227.81, 7306.51, 7386.07
7466.5, 7547.81, 7630, 7713.08, 7797.07, 7881.98
7967.81, 8054.57, 8142.28, 8230.94, 8320.57, 8411.18
8502.77, 8595.36, 8688.96, 8783.57, 8879.22, 8975.91
9073.65, 9172.46, 9272.34, 9373.31, 9475.37, 9578.55
9682.86, 9788.3, 9894.88, 10002.6, 10111.6, 10221.7
10333, 10445.5, 10559.2, 10674.2, 10790.4, 10907.9
11026.7, 11146.8, 11268.2, 11390.9, 11514.9, 11640.3
11767.1, 11895.2, 12024.7, 12155.7, 12288, 12421.8
12557.1, 12693.9, 12832.1, 12971.8, 13113.1, 13255.9
13400.2, 13546.1, 13693.6, 13842.7, 13993.5, 14145.9
14299.9, 14455.6, 14613, 14772.1, 14933, 15095.6
15260, 15426.2, 15594.2, 15764, 15935.6, 16109.1
16284.6, 16461.9, 16641.1, 16822.4, 17005.5, 17190.7
17377.9, 17567.1, 17758.4, 17951.8, 18147.3, 18344.9
18544.7, 18746.6, 18950.8, 19157.1, 19365.7, 19576.6
19789.8, 20005.3, 20223.1, 20443.3, 20665.9, 20891
21118.5, 21348.4, 21580.9, 21815.9, 22053.5, 22293.6
22536.4, 22781.8, 23029.8, 23280.6, 23534.1, 23790.4
24049.5, 24311.3, 24576.1, 24843.7, 25114.2, 25387.7
25664.2, 25943.6, 26226.1, 26511.7, 26800.4, 27092.2
27387.3, 27685.5, 27987, 28291.7, 28599.8, 28911.2
29226.1, 29544.3, 29866, 30191.2, 30520, 30852.3
31188.3, 31527.9, 31871.2, 32218.3, 32569.1, 32923.8
33282.3, 33644.7, 34011.1, 34381.4, 34755.8, 35134.3
35516.9, 35903.6, 36294.6, 36689.8, 37089.4, 37493.2
37901.5, 38314.2, 38731.4, 39153.2, 39579.5, 40010.5
40446.2, 40886.7, 41331.9, 41782, 42236.9, 42696.9
43161.8, 43631.8, 44106.9, 44587.2, 45072.7, 45563.5
46059.7, 46561.3, 47068.3, 47580.8, 48098.9, 48622.7
49152.2, 49687.4, 50228.5, 50775.4, 51328.3, 51887.3
52452.3, 53023.4, 53600.8, 54184.5, 54774.5, 55371
55973.9, 56583.5, 57199.6, 57822.5, 58452.1, 59088.6
59732.1, 60382.5, 61040, 61704.7, 62376.6, 63055.9
63742.5, 64436.6, 65138.3, 65847.6, 66564.6, 67289.5
68022.2, 68762.9, 69511.7, 70268.6, 71033.8, 71807.3
72589.2, 73379.7, 74178.7, 74986.5, 75803, 76628.5
77462.9, 78306.4, 79159.1, 80021.1, 80892.5, 81773.3
82663.8, 83563.9, 84473.9, 85393.7, 86323.6, 87263.6
88213.9, 89174.4, 90145.5, 91127.1, 92119.4, 93122.5
94136.6, 95161.7, 96197.9, 97245.4, 98304.4, 99374.8
100457, 101551, 102657, 103775, 104905, 106047
107202, 108369, 109549, 110742, 111948, 113167
114399, 115645, 116904, 118177, 119464, 120765
122080, 123409, 124753, 126112, 127485, 128873
130277, 131695, 133129, 134579, 136044, 137526
139023, 140537, 142068, 143615, 145178, 146759
148357, 149973, 151606, 153257, 154926, 156613
158318, 160042, 161785, 163547, 165328, 167128
168948, 170788, 172647, 174527, 176428, 178349
180291, 182254, 184239, 186245, 188273, 190323
192396, 194491, 196609, 198750, 200914, 203102
205313, 207549, 209809, 212094, 214403, 216738
219098, 221484, 223896, 226334, 228798, 231290
233809, 236355, 238928, 241530, 244160, 246819
249507, 252224, 254970, 257746, 260553, 263390
266259, 269158, 272089, 275052, 278047, 281075
284135, 287229, 290357, 293519, 296715, 299946
303212, 306514, 309852, 313226, 316637, 320084
323570, 327093, 330655, 334256, 337896, 341575
345295, 349055, 352856, 356698, 360582, 364509
368478, 372490, 376546, 380647, 384792, 388982
393218, 397499, 401828, 406204, 410627, 415098
419618, 424188, 428807, 433476, 438196, 442968
447792, 452668, 457597, 462580, 467617, 472709
477857, 483060, 488320, 493638, 499013, 504447
509940, 515493, 521106, 526781, 532517, 538316
544178, 550104, 556094, 562149, 568271, 574459
580714, 587038, 593430, 599892, 606425, 613028
619704, 626452, 633273, 640169, 647140, 654187
661311, 668512, 675792, 683150, 690589, 698109
705711, 713396, 721164, 729017, 736956, 744981
753093, 761294, 769584, 777964, 786435, 794999
803656, 812407, 821254, 830197, 839237, 848376
857614, 866953, 876393, 885937, 895584, 905336
915195, 925160, 935235, 945419, 955714, 966121
976641, 987276, 998027, 1.00889e+06, 1.01988e+06, 1.03099e+06
1.04221e+06, 1.05356e+06, 1.06503e+06, 1.07663e+06, 1.08836e+06, 1.10021e+06
1.11219e+06, 1.1243e+06, 1.13654e+06, 1.14892e+06, 1.16143e+06, 1.17408e+06
1.18686e+06, 1.19978e+06, 1.21285e+06, 1.22606e+06, 1.23941e+06, 1.2529e+06
1.26655e+06, 1.28034e+06, 1.29428e+06, 1.30837e+06, 1.32262e+06, 1.33702e+06
1.35158e+06, 1.3663e+06, 1.38118e+06, 1.39622e+06, 1.41142e+06, 1.42679e+06
1.44233e+06, 1.45804e+06, 1.47391e+06, 1.48996e+06, 1.50619e+06, 1.52259e+06
1.53917e+06, 1.55593e+06, 1.57287e+06, 1.59e+06, 1.60731e+06, 1.62482e+06
1.64251e+06, 1.66039e+06, 1.67847e+06, 1.69675e+06, 1.71523e+06, 1.73391e+06
1.75279e+06, 1.77187e+06, 1.79117e+06, 1.81067e+06, 1.83039e+06, 1.85032e+06
1.87047e+06, 1.89084e+06, 1.91143e+06, 1.93224e+06, 1.95328e+06, 1.97455e+06
1.99605e+06, 2.01779e+06, 2.03976e+06, 2.06197e+06, 2.08443e+06, 2.10713e+06
2.13007e+06, 2.15327e+06, 2.17671e+06, 2.20042e+06, 2.22438e+06, 2.2486e+06
2.27308e+06, 2.29784e+06, 2.32286e+06, 2.34815e+06, 2.37372e+06, 2.39957e+06
2.4257e+06, 2.45211e+06, 2.47882e+06, 2.50581e+06, 2.5331e+06, 2.56068e+06
2.58856e+06, 2.61675e+06, 2.64524e+06, 2.67405e+06, 2.70317e+06, 2.7326e+06
2.76236e+06, 2.79244e+06, 2.82285e+06, 2.85359e+06, 2.88466e+06, 2.91607e+06
2.94783e+06, 2.97993e+06, 3.01237e+06, 3.04518e+06, 3.07834e+06, 3.11186e+06
3.14574e+06, 3.18e+06, 3.21463e+06, 3.24963e+06, 3.28502e+06, 3.32079e+06
3.35695e+06, 3.39351e+06, 3.43046e+06, 3.46781e+06, 3.50558e+06, 3.54375e+06
3.58234e+06, 3.62135e+06, 3.66078e+06, 3.70064e+06, 3.74094e+06, 3.78168e+06
3.82286e+06, 3.86449e+06, 3.90657e+06, 3.94911e+06, 3.99211e+06, 4.03558e+06
4.07953e+06, 4.12395e+06, 4.16886e+06, 4.21425e+06, 4.26014e+06, 4.30653e+06
4.35343e+06, 4.40083e+06, 4.44875e+06, 4.4972e+06, 4.54617e+06, 4.59567e+06
4.64572e+06, 4.69631e+06, 4.74745e+06, 4.79914e+06, 4.8514e+06, 4.90423e+06
4.95763e+06, 5.01162e+06, 5.06619e+06, 5.12136e+06, 5.17713e+06, 5.2335e+06
5.29049e+06, 5.3481e+06, 5.40634e+06, 5.46521e+06, 5.52472e+06, 5.58488e+06
5.6457e+06, 5.70717e+06, 5.76932e+06, 5.83214e+06, 5.89565e+06, 5.95985e+06
6.02475e+06, 6.09036e+06, 6.15668e+06, 6.22372e+06, 6.29149e+06, 6.36e+06
6.42926e+06, 6.49927e+06, 6.57004e+06, 6.64158e+06, 6.7139e+06, 6.78701e+06
6.86092e+06, 6.93563e+06, 7.01115e+06, 7.0875e+06, 7.16468e+06, 7.2427e+06
7.32156e+06, 7.40129e+06, 7.48189e+06, 7.56336e+06, 7.64572e+06, 7.72897e+06
7.81314e+06, 7.89822e+06, 7.98422e+06, 8.07116e+06, 8.15905e+06, 8.2479e+06
8.33772e+06, 8.42851e+06, 8.52029e+06, 8.61307e+06, 8.70686e+06, 8.80167e+06
8.89751e+06, 8.9944e+06, 9.09234e+06, 9.19135e+06, 9.29144e+06, 9.39262e+06
9.4949e+06, 9.59829e+06, 9.70281e+06, 9.80846e+06, 9.91527e+06, 1.00232e+07
1.01324e+07, 1.02427e+07, 1.03543e+07, 1.0467e+07, 1.0581e+07, 1.06962e+07
1.08127e+07, 1.09304e+07, 1.10494e+07, 1.11698e+07, 1.12914e+07, 1.14144e+07
1.15386e+07, 1.16643e+07, 1.17913e+07, 1.19197e+07, 1.20495e+07, 1.21807e+07
1.23134e+07, 1.24474e+07, 1.2583e+07, 1.272e+07, 1.28585e+07, 1.29985e+07
1.31401e+07, 1.32832e+07, 1.34278e+07, 1.3574e+07, 1.37218e+07, 1.38713e+07
1.40223e+07, 1.4175e+07, 1.43294e+07, 1.44854e+07, 1.46431e+07, 1.48026e+07
1.49638e+07, 1.51267e+07, 1.52914e+07, 1.5458e+07, 1.56263e+07, 1.57964e+07
1.59685e+07, 1.61423e+07, 1.63181e+07, 1.64958e+07, 1.66754e+07, 1.6857e+07
1.70406e+07, 1.72261e+07, 1.74137e+07, 1.76033e+07, 1.7795e+07, 1.79888e+07
1.81847e+07, 1.83827e+07, 1.85829e+07, 1.87852e+07, 1.89898e+07, 1.91966e+07
1.94056e+07, 1.96169e+07, 1.98306e+07, 2.00465e+07, 2.02648e+07, 2.04855e+07
2.07085e+07, 2.0934e+07, 2.1162e+07, 2.13924e+07, 2.16254e+07, 2.18609e+07
2.20989e+07, 2.23396e+07, 2.25828e+07, 2.28287e+07, 2.30773e+07, 2.33286e+07
2.35826e+07, 2.38394e+07, 2.4099e+07, 2.43615e+07, 2.46267e+07, 2.48949e+07
2.5166e+07, 2.544e+07, 2.57171e+07, 2.59971e+07, 2.62802e+07, 2.65664e+07
2.68556e+07, 2.71481e+07, 2.74437e+07, 2.77425e+07, 2.80446e+07, 2.835e+07
2.86587e+07, 2.89708e+07, 2.92863e+07, 2.96052e+07, 2.99276e+07, 3.02535e+07
3.05829e+07, 3.09159e+07, 3.12526e+07, 3.15929e+07, 3.19369e+07, 3.22847e+07
3.26362e+07, 3.29916e+07, 3.33509e+07, 3.37141e+07, 3.40812e+07, 3.44523e+07
3.48275e+07, 3.52067e+07, 3.55901e+07, 3.59776e+07, 3.63694e+07, 3.67654e+07
3.71658e+07, 3.75705e+07, 3.79796e+07, 3.83932e+07, 3.88113e+07, 3.92339e+07
3.96611e+07, 4.0093e+07, 4.05296e+07, 4.09709e+07, 4.14171e+07, 4.18681e+07
4.2324e+07, 4.27849e+07, 4.32508e+07, 4.37217e+07, 4.41978e+07, 4.46791e+07
4.51656e+07, 4.56575e+07, 4.61546e+07, 4.66572e+07, 4.71653e+07, 4.76789e+07
4.81981e+07, 4.87229e+07, 4.92535e+07, 4.97898e+07, 5.0332e+07, 5.08801e+07
5.14341e+07, 5.19942e+07, 5.25604e+07, 5.31327e+07, 5.37113e+07, 5.42962e+07
5.48874e+07, 5.54851e+07, 5.60893e+07, 5.67001e+07, 5.73175e+07, 5.79416e+07
5.85726e+07, 5.92104e+07, 5.98552e+07, 6.05069e+07, 6.11658e+07, 6.18319e+07
6.25052e+07, 6.31858e+07, 6.38739e+07, 6.45694e+07, 6.52725e+07, 6.59833e+07
6.67018e+07, 6.74281e+07, 6.81624e+07, 6.89046e+07, 6.96549e+07, 7.04134e+07
7.11802e+07, 7.19553e+07, 7.27388e+07, 7.35309e+07, 7.43316e+07, 7.5141e+07
7.59593e+07, 7.67864e+07, 7.76226e+07, 7.84678e+07, 7.93223e+07, 8.0186e+07
8.10592e+07, 8.19419e+07, 8.28342e+07, 8.37362e+07, 8.4648e+07, 8.55698e+07
8.65015e+07, 8.74435e+07, 8.83957e+07, 8.93583e+07, 9.03313e+07, 9.13149e+07
9.23093e+07, 9.33145e+07, 9.43306e+07, 9.53578e+07, 9.63962e+07, 9.74459e+07
9.8507e+07, 9.95797e+07, 1.00664e+08, 1.0176e+08, 1.02868e+08, 1.03988e+08
1.05121e+08, 1.06265e+08, 1.07423e+08, 1.08592e+08, 1.09775e+08, 1.1097e+08
1.12179e+08, 1.134e+08, 1.14635e+08, 1.15883e+08, 1.17145e+08, 1.18421e+08
1.1971e+08, 1.21014e+08, 1.22332e+08, 1.23664e+08, 1.2501e+08, 1.26372e+08
1.27748e+08, 1.29139e+08, 1.30545e+08, 1.31967e+08, 1.33404e+08, 1.34856e+08
1.36325e+08, 1.37809e+08, 1.3931e+08, 1.40827e+08, 1.4236e+08, 1.43911e+08
1.45478e+08, 1.47062e+08, 1.48663e+08, 0, 0, 0
