  615  0.1388E+04  12.502  0.4690E-06  0.4813E-04  0.6177E-01
  617  0.1418E+04  12.775  0.5946E-06  0.6329E-04  0.8293E-01
  619  0.1449E+04  13.055  0.7510E-06  0.8291E-04  0.1109E+00
  621  0.1481E+04  13.341  0.9447E-06  0.1082E-03  0.1478E+00
  623  0.1513E+04  13.633  0.1184E-05  0.1407E-03  0.1962E+00
  625  0.1546E+04  13.932  0.1478E-05  0.1822E-03  0.2594E+00
  627  0.1580E+04  14.237  0.1837E-05  0.2352E-03  0.3417E+00
  629  0.1615E+04  14.548  0.2275E-05  0.3024E-03  0.4485E+00
  631  0.1650E+04  14.867  0.2806E-05  0.3873E-03  0.5865E+00
  633  0.1686E+04  15.193  0.3448E-05  0.4943E-03  0.7640E+00
  635  0.1723E+04  15.525  0.4219E-05  0.6284E-03  0.9915E+00
  637  0.1761E+04  15.865  0.5141E-05  0.7960E-03  0.1282E+01
  639  0.1800E+04  16.213  0.6239E-05  0.1004E-02  0.1651E+01
  641  0.1839E+04  16.568  0.7540E-05  0.1263E-02  0.2118E+01
  643  0.1879E+04  16.930  0.9075E-05  0.1581E-02  0.2708E+01
  645  0.1920E+04  17.301  0.1088E-04  0.1972E-02  0.3447E+01
  647  0.1962E+04  17.680  0.1298E-04  0.2451E-02  0.4372E+01
  649  0.2005E+04  18.067  0.1542E-04  0.3034E-02  0.5523E+01
  651  0.2049E+04  18.463  0.1824E-04  0.3741E-02  0.6949E+01
  653  0.2094E+04  18.867  0.2147E-04  0.4595E-02  0.8708E+01
  655  0.2140E+04  19.280  0.2517E-04  0.5621E-02  0.1087E+02
  657  0.2187E+04  19.702  0.2937E-04  0.6849E-02  0.1351E+02
  659  0.2235E+04  20.134  0.3411E-04  0.8311E-02  0.1673E+02
  661  0.2284E+04  20.575  0.3943E-04  0.1004E-01  0.2062E+02
  663  0.2334E+04  21.025  0.4536E-04  0.1209E-01  0.2532E+02
  665  0.2385E+04  21.486  0.5193E-04  0.1449E-01  0.3095E+02
  667  0.2437E+04  21.956  0.5916E-04  0.1729E-01  0.3768E+02
  669  0.2490E+04  22.437  0.6705E-04  0.2055E-01  0.4567E+02
  671  0.2545E+04  22.928  0.7561E-04  0.2433E-01  0.5512E+02
  673  0.2601E+04  23.430  0.8483E-04  0.2867E-01  0.6623E+02
  675  0.2658E+04  23.943  0.9467E-04  0.3364E-01  0.7922E+02
  677  0.2716E+04  24.468  0.1051E-03  0.3930E-01  0.9435E+02
  679  0.2775E+04  25.003  0.1160E-03  0.4571E-01  0.1119E+03
  681  0.2836E+04  25.551  0.1274E-03  0.5293E-01  0.1320E+03
  683  0.2898E+04  26.110  0.1391E-03  0.6103E-01  0.1551E+03
  685  0.2962E+04  26.682  0.1511E-03  0.7005E-01  0.1814E+03
  687  0.3027E+04  27.266  0.1632E-03  0.8004E-01  0.2112E+03
  689  0.3093E+04  27.863  0.1752E-03  0.9106E-01  0.2447E+03
  691  0.3161E+04  28.473  0.1870E-03  0.1031E+00  0.2822E+03
  693  0.3230E+04  29.097  0.1984E-03  0.1163E+00  0.3240E+03
  695  0.3300E+04  29.734  0.2094E-03  0.1305E+00  0.3702E+03
  697  0.3373E+04  30.385  0.2196E-03  0.1458E+00  0.4210E+03
  699  0.3447E+04  31.051  0.2289E-03  0.1622E+00  0.4766E+03
  701  0.3522E+04  31.730  0.2372E-03  0.1796E+00  0.5371E+03
  703  0.3599E+04  32.425  0.2443E-03  0.1981E+00  0.6024E+03
  705  0.3678E+04  33.135  0.2502E-03  0.2175E+00  0.6725E+03
  707  0.3759E+04  33.861  0.2546E-03  0.2377E+00  0.7474E+03
  709  0.3841E+04  34.602  0.2576E-03  0.2587E+00  0.8268E+03
  711  0.3925E+04  35.360  0.2591E-03  0.2804E+00  0.9106E+03
  713  0.4011E+04  36.134  0.2591E-03  0.3027E+00  0.9985E+03
  715  0.4099E+04  36.925  0.2576E-03  0.3254E+00  0.1090E+04
  717  0.4188E+04  37.734  0.2547E-03  0.3485E+00  0.1185E+04
  719  0.4280E+04  38.560  0.2505E-03  0.3718E+00  0.1283E+04
  721  0.4374E+04  39.405  0.2451E-03  0.3951E+00  0.1384E+04
  723  0.4470E+04  40.268  0.2387E-03  0.4185E+00  0.1486E+04
  725  0.4568E+04  41.149  0.2313E-03  0.4417E+00  0.1591E+04
  727  0.4668E+04  42.050  0.2232E-03  0.4646E+00  0.1696E+04
  729  0.4770E+04  42.971  0.2145E-03  0.4872E+00  0.1802E+04
  731  0.4874E+04  43.912  0.2055E-03  0.5094E+00  0.1908E+04
  733  0.4981E+04  44.874  0.1961E-03  0.5310E+00  0.2015E+04
  735  0.5090E+04  45.856  0.1867E-03  0.5522E+00  0.2120E+04
  737  0.5201E+04  46.860  0.1772E-03  0.5727E+00  0.2225E+04
  739  0.5315E+04  47.886  0.1679E-03  0.5926E+00  0.2330E+04
  741  0.5432E+04  48.935  0.1587E-03  0.6119E+00  0.2433E+04
  743  0.5551E+04  50.007  0.1498E-03  0.6305E+00  0.2534E+04
  745  0.5672E+04  51.102  0.1411E-03  0.6484E+00  0.2634E+04
  747  0.5796E+04  52.221  0.1328E-03  0.6657E+00  0.2733E+04
  749  0.5923E+04  53.364  0.1248E-03  0.6823E+00  0.2830E+04
  751  0.6053E+04  54.533  0.1172E-03  0.6982E+00  0.2924E+04
  753  0.6186E+04  55.727  0.1098E-03  0.7135E+00  0.3017E+04
  755  0.6321E+04  56.947  0.1028E-03  0.7282E+00  0.3109E+04
  757  0.6460E+04  58.194  0.9613E-04  0.7422E+00  0.3197E+04
  759  0.6601E+04  59.468  0.8974E-04  0.7555E+00  0.3284E+04
  762  0.6819E+04  61.432  0.8071E-04  0.7744E+00  0.3410E+04
  764  0.6968E+04  62.777  0.7506E-04  0.7863E+00  0.3491E+04
  766  0.7121E+04  64.152  0.6971E-04  0.7975E+00  0.3570E+04
  768  0.7277E+04  65.557  0.6465E-04  0.8082E+00  0.3647E+04
  770  0.7436E+04  66.992  0.5988E-04  0.8183E+00  0.3721E+04
  772  0.7599E+04  68.459  0.5539E-04  0.8278E+00  0.3792E+04
  774  0.7765E+04  69.958  0.5118E-04  0.8369E+00  0.3861E+04
  776  0.7935E+04  71.490  0.4725E-04  0.8454E+00  0.3928E+04
  778  0.8109E+04  73.055  0.4358E-04  0.8535E+00  0.3992E+04
  780  0.8287E+04  74.655  0.4017E-04  0.8610E+00  0.4054E+04
  782  0.8468E+04  76.290  0.3700E-04  0.8682E+00  0.4113E+04
  784  0.8654E+04  77.960  0.3407E-04  0.8749E+00  0.4170E+04
  786  0.8843E+04  79.668  0.3135E-04  0.8812E+00  0.4225E+04
  788  0.9037E+04  81.412  0.2884E-04  0.8872E+00  0.4278E+04
  790  0.9235E+04  83.195  0.2653E-04  0.8928E+00  0.4329E+04
  792  0.9437E+04  85.016  0.2439E-04  0.8980E+00  0.4378E+04
  794  0.9643E+04  86.878  0.2243E-04  0.9030E+00  0.4425E+04
  796  0.9855E+04  88.780  0.2063E-04  0.9076E+00  0.4470E+04
  798  0.1007E+05  90.725  0.1897E-04  0.9120E+00  0.4513E+04
  800  0.1029E+05  92.711  0.1745E-04  0.9161E+00  0.4554E+04
  802  0.1052E+05  94.741  0.1606E-04  0.9199E+00  0.4594E+04
  804  0.1075E+05  96.816  0.1478E-04  0.9235E+00  0.4633E+04
  806  0.1098E+05  98.936  0.1361E-04  0.9269E+00  0.4669E+04
  808  0.1122E+05 101.102  0.1254E-04  0.9301E+00  0.4705E+04
  810  0.1147E+05 103.316  0.1156E-04  0.9332E+00  0.4739E+04
  812  0.1172E+05 105.578  0.1067E-04  0.9360E+00  0.4772E+04
  814  0.1198E+05 107.890  0.9847E-05  0.9387E+00  0.4803E+04
  816  0.1224E+05 110.253  0.9096E-05  0.9412E+00  0.4834E+04
  818  0.1251E+05 112.667  0.8409E-05  0.9436E+00  0.4863E+04
  820  0.1278E+05 115.134  0.7779E-05  0.9459E+00  0.4892E+04
  822  0.1306E+05 117.655  0.7203E-05  0.9480E+00  0.4919E+04
  824  0.1335E+05 120.231  0.6674E-05  0.9500E+00  0.4946E+04
  826  0.1364E+05 122.864  0.6190E-05  0.9519E+00  0.4971E+04
  828  0.1394E+05 125.555  0.5745E-05  0.9538E+00  0.4996E+04
  830  0.1424E+05 128.304  0.5337E-05  0.9555E+00  0.5020E+04
  832  0.1455E+05 131.113  0.4962E-05  0.9571E+00  0.5044E+04
  834  0.1487E+05 133.984  0.4617E-05  0.9587E+00  0.5066E+04
  836  0.1520E+05 136.918  0.4300E-05  0.9601E+00  0.5088E+04
  838  0.1553E+05 139.916  0.4007E-05  0.9615E+00  0.5110E+04
  840  0.1587E+05 142.980  0.3738E-05  0.9629E+00  0.5131E+04
  842  0.1622E+05 146.111  0.3489E-05  0.9642E+00  0.5151E+04
  844  0.1657E+05 149.310  0.3260E-05  0.9654E+00  0.5171E+04
  846  0.1694E+05 152.580  0.3047E-05  0.9665E+00  0.5190E+04
  848  0.1731E+05 155.921  0.2851E-05  0.9677E+00  0.5209E+04
  850  0.1769E+05 159.335  0.2669E-05  0.9687E+00  0.5228E+04
  852  0.1807E+05 162.824  0.2501E-05  0.9697E+00  0.5246E+04
  854  0.1847E+05 166.390  0.2345E-05  0.9707E+00  0.5264E+04
  856  0.1887E+05 170.033  0.2200E-05  0.9716E+00  0.5281E+04
  858  0.1929E+05 173.756  0.2065E-05  0.9725E+00  0.5298E+04
  860  0.1971E+05 177.561  0.1939E-05  0.9734E+00  0.5315E+04
  862  0.2014E+05 181.449  0.1823E-05  0.9742E+00  0.5331E+04
  864  0.2058E+05 185.422  0.1714E-05  0.9750E+00  0.5347E+04
  866  0.2103E+05 189.482  0.1613E-05  0.9758E+00  0.5363E+04
  868  0.2149E+05 193.632  0.1518E-05  0.9765E+00  0.5378E+04
  870  0.2196E+05 197.872  0.1430E-05  0.9772E+00  0.5393E+04
  872  0.2244E+05 202.204  0.1347E-05  0.9779E+00  0.5408E+04
  874  0.2294E+05 206.632  0.1270E-05  0.9785E+00  0.5423E+04
  876  0.2344E+05 211.157  0.1198E-05  0.9792E+00  0.5438E+04
  878  0.2395E+05 215.781  0.1130E-05  0.9798E+00  0.5452E+04
  880  0.2448E+05 220.506  0.1067E-05  0.9804E+00  0.5466E+04
  882  0.2501E+05 225.334  0.1008E-05  0.9809E+00  0.5480E+04
  884  0.2556E+05 230.268  0.9521E-06  0.9815E+00  0.5493E+04
  886  0.2612E+05 235.310  0.8998E-06  0.9820E+00  0.5507E+04
  888  0.2669E+05 240.463  0.8508E-06  0.9825E+00  0.5520E+04
  890  0.2728E+05 245.728  0.8046E-06  0.9830E+00  0.5533E+04
  892  0.2787E+05 251.109  0.7613E-06  0.9835E+00  0.5546E+04
  894  0.2848E+05 256.608  0.7205E-06  0.9839E+00  0.5559E+04
  896  0.2911E+05 262.227  0.6822E-06  0.9844E+00  0.5572E+04
  898  0.2974E+05 267.969  0.6460E-06  0.9848E+00  0.5585E+04
  900  0.3040E+05 273.837  0.6120E-06  0.9852E+00  0.5597E+04
  902  0.3106E+05 279.833  0.5799E-06  0.9856E+00  0.5609E+04
  904  0.3174E+05 285.960  0.5497E-06  0.9860E+00  0.5621E+04
  906  0.3244E+05 292.222  0.5211E-06  0.9864E+00  0.5633E+04
