  953  0.5396E+05 486.163  0.3592E-07  0.3368E-04  0.1771E+01
  955  0.5515E+05 496.809  0.8363E-07  0.8764E-04  0.4702E+01
  957  0.5635E+05 507.687  0.1817E-06  0.2133E-03  0.1168E+02
  959  0.5759E+05 518.804  0.3692E-06  0.4868E-03  0.2719E+02
  961  0.5885E+05 530.165  0.7031E-06  0.1044E-02  0.5947E+02
  963  0.6014E+05 541.774  0.1258E-05  0.2108E-02  0.1225E+03
  965  0.6145E+05 553.637  0.2119E-05  0.4021E-02  0.2382E+03
  967  0.6280E+05 565.760  0.3371E-05  0.7260E-02  0.4385E+03
  969  0.6417E+05 578.149  0.5075E-05  0.1244E-01  0.7660E+03
  971  0.6558E+05 590.808  0.7252E-05  0.2030E-01  0.1273E+04
  973  0.6702E+05 603.745  0.9862E-05  0.3162E-01  0.2020E+04
  975  0.6848E+05 616.966  0.1280E-04  0.4716E-01  0.3067E+04
  977  0.6998E+05 630.476  0.1589E-04  0.6751E-01  0.4469E+04
  979  0.7152E+05 644.281  0.1893E-04  0.9304E-01  0.6266E+04
  981  0.7308E+05 658.389  0.2170E-04  0.1238E+00  0.8479E+04
  983  0.7468E+05 672.806  0.2400E-04  0.1595E+00  0.1110E+05
  985  0.7632E+05 687.539  0.2569E-04  0.1995E+00  0.1411E+05
  987  0.7799E+05 702.594  0.2669E-04  0.2430E+00  0.1744E+05
  989  0.7970E+05 717.979  0.2697E-04  0.2887E+00  0.2103E+05
  991  0.8144E+05 733.700  0.2660E-04  0.3357E+00  0.2480E+05
  993  0.8322E+05 749.766  0.2568E-04  0.3828E+00  0.2865E+05
  995  0.8505E+05 766.184  0.2432E-04  0.4290E+00  0.3252E+05
  997  0.8691E+05 782.961  0.2266E-04  0.4736E+00  0.3633E+05
  999  0.8881E+05 800.106  0.2083E-04  0.5158E+00  0.4002E+05
 1001  0.9076E+05 817.626  0.1892E-04  0.5554E+00  0.4355E+05
 1003  0.9274E+05 835.530  0.1704E-04  0.5921E+00  0.4690E+05
 1005  0.9477E+05 853.825  0.1523E-04  0.6257E+00  0.5004E+05
 1007  0.9685E+05 872.522  0.1354E-04  0.6564E+00  0.5296E+05
 1009  0.9897E+05 891.627  0.1199E-04  0.6843E+00  0.5567E+05
 1011  0.1011E+06 911.151  0.1059E-04  0.7095E+00  0.5818E+05
 1013  0.1034E+06 931.103  0.9344E-05  0.7322E+00  0.6049E+05
 1015  0.1056E+06 951.492  0.8240E-05  0.7527E+00  0.6262E+05
 1017  0.1079E+06 972.327  0.7270E-05  0.7712E+00  0.6458E+05
 1019  0.1103E+06 993.618  0.6420E-05  0.7879E+00  0.6639E+05
 1021  0.1127E+061015.375  0.5678E-05  0.8029E+00  0.6806E+05
 1023  0.1152E+061037.609  0.5030E-05  0.8165E+00  0.6960E+05
 1025  0.1177E+061060.330  0.4466E-05  0.8288E+00  0.7103E+05
 1027  0.1203E+061083.548  0.3973E-05  0.8400E+00  0.7235E+05
 1029  0.1229E+061107.275  0.3543E-05  0.8502E+00  0.7358E+05
 1031  0.1256E+061131.521  0.3167E-05  0.8594E+00  0.7472E+05
 1033  0.1283E+061156.298  0.2837E-05  0.8679E+00  0.7579E+05
 1035  0.1312E+061181.618  0.2548E-05  0.8757E+00  0.7680E+05
 1037  0.1340E+061207.492  0.2294E-05  0.8828E+00  0.7774E+05
 1039  0.1370E+061233.932  0.2069E-05  0.8894E+00  0.7862E+05
 1041  0.1400E+061260.952  0.1871E-05  0.8954E+00  0.7945E+05
 1043  0.1430E+061288.563  0.1695E-05  0.9010E+00  0.8024E+05
 1045  0.1462E+061316.779  0.1539E-05  0.9062E+00  0.8098E+05
 1047  0.1494E+061345.613  0.1399E-05  0.9110E+00  0.8169E+05
 1049  0.1526E+061375.078  0.1275E-05  0.9155E+00  0.8236E+05
 1051  0.1560E+061405.188  0.1164E-05  0.9196E+00  0.8300E+05
 1053  0.1594E+061435.958  0.1064E-05  0.9235E+00  0.8361E+05
 1055  0.1629E+061467.401  0.9747E-06  0.9271E+00  0.8419E+05
 1057  0.1664E+061499.533  0.8941E-06  0.9305E+00  0.8475E+05
 1059  0.1701E+061532.369  0.8214E-06  0.9337E+00  0.8529E+05
 1061  0.1738E+061565.923  0.7556E-06  0.9367E+00  0.8580E+05
 1063  0.1776E+061600.212  0.6961E-06  0.9396E+00  0.8629E+05
 1065  0.1815E+061635.252  0.6420E-06  0.9422E+00  0.8676E+05
 1067  0.1855E+061671.060  0.5930E-06  0.9447E+00  0.8722E+05
 1069  0.1895E+061707.651  0.5483E-06  0.9471E+00  0.8766E+05
 1071  0.1937E+061745.044  0.5075E-06  0.9493E+00  0.8809E+05
 1073  0.1979E+061783.255  0.4703E-06  0.9514E+00  0.8850E+05
 1075  0.2023E+061822.304  0.4363E-06  0.9534E+00  0.8890E+05
 1077  0.2067E+061862.207  0.4052E-06  0.9553E+00  0.8928E+05
 1079  0.2112E+061902.984  0.3766E-06  0.9571E+00  0.8966E+05
 1081  0.2159E+061944.654  0.3504E-06  0.9588E+00  0.9002E+05
 1083  0.2206E+061987.236  0.3263E-06  0.9604E+00  0.9037E+05
 1085  0.2254E+062030.751  0.3041E-06  0.9620E+00  0.9072E+05
 1087  0.2303E+062075.219  0.2836E-06  0.9635E+00  0.9105E+05
 1089  0.2354E+062120.660  0.2647E-06  0.9649E+00  0.9138E+05
 1091  0.2405E+062167.097  0.2473E-06  0.9662E+00  0.9169E+05
 1093  0.2458E+062214.550  0.2312E-06  0.9675E+00  0.9200E+05
 1095  0.2512E+062263.042  0.2163E-06  0.9687E+00  0.9231E+05
 1097  0.2567E+062312.597  0.2025E-06  0.9699E+00  0.9260E+05
 1099  0.2623E+062363.236  0.1897E-06  0.9710E+00  0.9289E+05
 1101  0.2681E+062414.984  0.1778E-06  0.9721E+00  0.9317E+05
 1103  0.2739E+062467.865  0.1668E-06  0.9731E+00  0.9345E+05
 1105  0.2799E+062521.905  0.1565E-06  0.9741E+00  0.9372E+05
 1107  0.2861E+062577.127  0.1470E-06  0.9750E+00  0.9399E+05
 1109  0.2923E+062633.559  0.1381E-06  0.9759E+00  0.9425E+05
 1111  0.2987E+062691.226  0.1298E-06  0.9768E+00  0.9450E+05
 1113  0.3053E+062750.156  0.1221E-06  0.9777E+00  0.9475E+05
 1115  0.3120E+062810.377  0.1148E-06  0.9785E+00  0.9500E+05
 1117  0.3188E+062871.917  0.1081E-06  0.9792E+00  0.9524E+05
 1119  0.3258E+062934.803  0.1018E-06  0.9800E+00  0.9548E+05
 1121  0.3329E+062999.068  0.9594E-07  0.9807E+00  0.9572E+05
 1123  0.3402E+063064.739  0.9043E-07  0.9814E+00  0.9595E+05
 1125  0.3476E+063131.847  0.8528E-07  0.9820E+00  0.9617E+05
 1127  0.3552E+063200.426  0.8045E-07  0.9827E+00  0.9640E+05
 1129  0.3630E+063270.506  0.7593E-07  0.9833E+00  0.9662E+05
 1131  0.3710E+063342.121  0.7168E-07  0.9839E+00  0.9683E+05
 1133  0.3791E+063415.304  0.6770E-07  0.9845E+00  0.9705E+05
 1135  0.3874E+063490.090  0.6396E-07  0.9850E+00  0.9726E+05
 1137  0.3959E+063566.512  0.6045E-07  0.9856E+00  0.9747E+05
 1139  0.4046E+063644.609  0.5715E-07  0.9861E+00  0.9767E+05
 1141  0.4134E+063724.415  0.5405E-07  0.9866E+00  0.9788E+05
 1143  0.4225E+063805.969  0.5113E-07  0.9871E+00  0.9808E+05

