  675  0.2658E+04  23.943  0.3314E-06  0.5128E-04  0.1278E+00
  677  0.2716E+04  24.468  0.4479E-06  0.7215E-04  0.1836E+00
  679  0.2775E+04  25.003  0.6013E-06  0.1009E-03  0.2622E+00
  681  0.2836E+04  25.551  0.8023E-06  0.1403E-03  0.3722E+00
  683  0.2898E+04  26.110  0.1064E-05  0.1940E-03  0.5253E+00
  685  0.2962E+04  26.682  0.1401E-05  0.2665E-03  0.7367E+00
  687  0.3027E+04  27.266  0.1832E-05  0.3640E-03  0.1027E+01
  689  0.3093E+04  27.863  0.2381E-05  0.4940E-03  0.1423E+01
  691  0.3161E+04  28.473  0.3074E-05  0.6664E-03  0.1959E+01
  693  0.3230E+04  29.097  0.3941E-05  0.8934E-03  0.2681E+01
  695  0.3300E+04  29.734  0.5017E-05  0.1190E-02  0.3645E+01
  697  0.3373E+04  30.385  0.6343E-05  0.1576E-02  0.4925E+01
  699  0.3447E+04  31.051  0.7962E-05  0.2073E-02  0.6611E+01
  701  0.3522E+04  31.730  0.9922E-05  0.2709E-02  0.8817E+01
  703  0.3599E+04  32.425  0.1227E-04  0.3518E-02  0.1168E+02
  705  0.3678E+04  33.135  0.1507E-04  0.4538E-02  0.1538E+02
  707  0.3759E+04  33.861  0.1837E-04  0.5816E-02  0.2010E+02
  709  0.3841E+04  34.602  0.2221E-04  0.7404E-02  0.2611E+02
  711  0.3925E+04  35.360  0.2666E-04  0.9363E-02  0.3367E+02
  713  0.4011E+04  36.134  0.3174E-04  0.1176E-01  0.4313E+02
  715  0.4099E+04  36.925  0.3749E-04  0.1467E-01  0.5488E+02
  717  0.4188E+04  37.734  0.4394E-04  0.1818E-01  0.6933E+02
  719  0.4280E+04  38.560  0.5107E-04  0.2237E-01  0.8698E+02
  721  0.4374E+04  39.405  0.5887E-04  0.2733E-01  0.1084E+03
  723  0.4470E+04  40.268  0.6731E-04  0.3317E-01  0.1340E+03
  725  0.4568E+04  41.149  0.7632E-04  0.3998E-01  0.1646E+03
  727  0.4668E+04  42.050  0.8580E-04  0.4785E-01  0.2008E+03
  729  0.4770E+04  42.971  0.9564E-04  0.5687E-01  0.2431E+03
  731  0.4874E+04  43.912  0.1057E-03  0.6712E-01  0.2923E+03
  733  0.4981E+04  44.874  0.1158E-03  0.7867E-01  0.3489E+03
  735  0.5090E+04  45.856  0.1258E-03  0.9158E-01  0.4136E+03
  737  0.5201E+04  46.860  0.1355E-03  0.1059E+00  0.4868E+03
  739  0.5315E+04  47.886  0.1448E-03  0.1216E+00  0.5689E+03
  741  0.5432E+04  48.935  0.1533E-03  0.1387E+00  0.6603E+03
  743  0.5551E+04  50.007  0.1609E-03  0.1572E+00  0.7612E+03
  745  0.5672E+04  51.102  0.1676E-03  0.1769E+00  0.8716E+03
  747  0.5796E+04  52.221  0.1731E-03  0.1979E+00  0.9913E+03
  749  0.5923E+04  53.364  0.1774E-03  0.2200E+00  0.1120E+04
  751  0.6053E+04  54.533  0.1804E-03  0.2432E+00  0.1258E+04
  753  0.6186E+04  55.727  0.1820E-03  0.2671E+00  0.1404E+04
  755  0.6321E+04  56.947  0.1824E-03  0.2918E+00  0.1557E+04
  757  0.6460E+04  58.194  0.1815E-03  0.3170E+00  0.1718E+04
  759  0.6601E+04  59.468  0.1795E-03  0.3427E+00  0.1884E+04
  761  0.6746E+04  60.770  0.1765E-03  0.3685E+00  0.2056E+04
  763  0.6893E+04  62.101  0.1725E-03  0.3944E+00  0.2231E+04
  765  0.7044E+04  63.461  0.1677E-03  0.4203E+00  0.2411E+04
  767  0.7198E+04  64.850  0.1623E-03  0.4459E+00  0.2592E+04
  769  0.7356E+04  66.271  0.1563E-03  0.4713E+00  0.2776E+04
  771  0.7517E+04  67.722  0.1499E-03  0.4962E+00  0.2960E+04
  773  0.7682E+04  69.205  0.1433E-03  0.5206E+00  0.3145E+04
  775  0.7850E+04  70.720  0.1364E-03  0.5444E+00  0.3328E+04
  777  0.8022E+04  72.269  0.1295E-03  0.5676E+00  0.3511E+04
  779  0.8197E+04  73.851  0.1225E-03  0.5900E+00  0.3692E+04
  781  0.8377E+04  75.468  0.1155E-03  0.6117E+00  0.3871E+04
  783  0.8560E+04  77.121  0.1087E-03  0.6326E+00  0.4047E+04
  785  0.8748E+04  78.809  0.1019E-03  0.6526E+00  0.4219E+04
  787  0.8939E+04  80.535  0.9532E-04  0.6718E+00  0.4388E+04
  789  0.9135E+04  82.299  0.8892E-04  0.6902E+00  0.4553E+04
  791  0.9335E+04  84.101  0.8275E-04  0.7076E+00  0.4713E+04
  793  0.9540E+04  85.942  0.7683E-04  0.7242E+00  0.4869E+04
  795  0.9748E+04  87.824  0.7117E-04  0.7400E+00  0.5020E+04
  797  0.9962E+04  89.747  0.6580E-04  0.7549E+00  0.5166E+04
  799  0.1018E+05  91.712  0.6072E-04  0.7690E+00  0.5307E+04
  801  0.1040E+05  93.721  0.5594E-04  0.7822E+00  0.5443E+04
  803  0.1063E+05  95.773  0.5145E-04  0.7947E+00  0.5574E+04
  805  0.1086E+05  97.870  0.4726E-04  0.8064E+00  0.5699E+04
  807  0.1110E+05 100.013  0.4336E-04  0.8174E+00  0.5819E+04
  810  0.1147E+05 103.316  0.3802E-04  0.8327E+00  0.5990E+04
  812  0.1172E+05 105.578  0.3480E-04  0.8420E+00  0.6098E+04
  814  0.1198E+05 107.890  0.3183E-04  0.8507E+00  0.6200E+04
  816  0.1224E+05 110.253  0.2910E-04  0.8589E+00  0.6299E+04
  818  0.1251E+05 112.667  0.2659E-04  0.8665E+00  0.6393E+04
  820  0.1278E+05 115.134  0.2429E-04  0.8736E+00  0.6482E+04
  822  0.1306E+05 117.655  0.2219E-04  0.8803E+00  0.6567E+04
  824  0.1335E+05 120.231  0.2028E-04  0.8865E+00  0.6649E+04
  826  0.1364E+05 122.864  0.1853E-04  0.8923E+00  0.6727E+04
  828  0.1394E+05 125.555  0.1694E-04  0.8977E+00  0.6801E+04
  830  0.1424E+05 128.304  0.1549E-04  0.9028E+00  0.6872E+04
  832  0.1455E+05 131.113  0.1417E-04  0.9075E+00  0.6939E+04
  834  0.1487E+05 133.984  0.1298E-04  0.9119E+00  0.7004E+04
  836  0.1520E+05 136.918  0.1189E-04  0.9160E+00  0.7066E+04
  838  0.1553E+05 139.916  0.1090E-04  0.9199E+00  0.7125E+04
  840  0.1587E+05 142.980  0.1001E-04  0.9235E+00  0.7182E+04
  842  0.1622E+05 146.111  0.9191E-05  0.9269E+00  0.7236E+04
  844  0.1657E+05 149.310  0.8450E-05  0.9301E+00  0.7288E+04
  846  0.1694E+05 152.580  0.7777E-05  0.9331E+00  0.7338E+04
  848  0.1731E+05 155.921  0.7165E-05  0.9360E+00  0.7386E+04
  850  0.1769E+05 159.335  0.6607E-05  0.9386E+00  0.7433E+04
  852  0.1807E+05 162.824  0.6100E-05  0.9411E+00  0.7477E+04
  854  0.1847E+05 166.390  0.5637E-05  0.9435E+00  0.7520E+04
  856  0.1887E+05 170.033  0.5214E-05  0.9457E+00  0.7562E+04
  858  0.1929E+05 173.756  0.4829E-05  0.9479E+00  0.7602E+04
  860  0.1971E+05 177.561  0.4476E-05  0.9499E+00  0.7641E+04
  862  0.2014E+05 181.449  0.4153E-05  0.9518E+00  0.7678E+04
  864  0.2058E+05 185.422  0.3857E-05  0.9536E+00  0.7715E+04
  866  0.2103E+05 189.482  0.3586E-05  0.9553E+00  0.7750E+04
  868  0.2149E+05 193.632  0.3337E-05  0.9569E+00  0.7784E+04
  870  0.2196E+05 197.872  0.3108E-05  0.9584E+00  0.7818E+04
  872  0.2244E+05 202.204  0.2897E-05  0.9599E+00  0.7850E+04
  874  0.2294E+05 206.632  0.2703E-05  0.9613E+00  0.7882E+04
  876  0.2344E+05 211.157  0.2523E-05  0.9626E+00  0.7912E+04
  878  0.2395E+05 215.781  0.2358E-05  0.9639E+00  0.7942E+04
  880  0.2448E+05 220.506  0.2205E-05  0.9651E+00  0.7972E+04
  882  0.2501E+05 225.334  0.2064E-05  0.9663E+00  0.8000E+04
  884  0.2556E+05 230.268  0.1933E-05  0.9674E+00  0.8028E+04
  886  0.2612E+05 235.310  0.1811E-05  0.9685E+00  0.8055E+04
  888  0.2669E+05 240.463  0.1699E-05  0.9695E+00  0.8082E+04
  890  0.2728E+05 245.728  0.1594E-05  0.9704E+00  0.8108E+04
  892  0.2787E+05 251.109  0.1497E-05  0.9714E+00  0.8134E+04
  894  0.2848E+05 256.608  0.1406E-05  0.9723E+00  0.8159E+04
  896  0.2911E+05 262.227  0.1322E-05  0.9731E+00  0.8184E+04
  898  0.2974E+05 267.969  0.1243E-05  0.9740E+00  0.8208E+04
  900  0.3040E+05 273.837  0.1170E-05  0.9748E+00  0.8232E+04
  902  0.3106E+05 279.833  0.1102E-05  0.9755E+00  0.8256E+04
  904  0.3174E+05 285.960  0.1038E-05  0.9763E+00  0.8279E+04
  906  0.3244E+05 292.222  0.9779E-06  0.9770E+00  0.8301E+04
  908  0.3315E+05 298.621  0.9220E-06  0.9777E+00  0.8324E+04
  910  0.3387E+05 305.160  0.8697E-06  0.9783E+00  0.8346E+04
  912  0.3461E+05 311.842  0.8206E-06  0.9790E+00  0.8367E+04
  914  0.3537E+05 318.670  0.7744E-06  0.9796E+00  0.8389E+04
  916  0.3615E+05 325.648  0.7309E-06  0.9802E+00  0.8410E+04
  918  0.3694E+05 332.779  0.6900E-06  0.9807E+00  0.8430E+04
  920  0.3775E+05 340.066  0.6517E-06  0.9813E+00  0.8451E+04
  922  0.3857E+05 347.513  0.6158E-06  0.9818E+00  0.8471E+04
  924  0.3942E+05 355.122  0.5821E-06  0.9823E+00  0.8491E+04
  926  0.4028E+05 362.898  0.5506E-06  0.9828E+00  0.8511E+04
  928  0.4116E+05 370.845  0.5210E-06  0.9833E+00  0.8530E+04
  930  0.4207E+05 378.965  0.4932E-06  0.9838E+00  0.8549E+04
  932  0.4299E+05 387.263  0.4670E-06  0.9842E+00  0.8568E+04
  934  0.4393E+05 395.743  0.4424E-06  0.9847E+00  0.8587E+04
  936  0.4489E+05 404.409  0.4192E-06  0.9851E+00  0.8605E+04
  938  0.4587E+05 413.264  0.3974E-06  0.9855E+00  0.8624E+04
  940  0.4688E+05 422.314  0.3768E-06  0.9859E+00  0.8642E+04
  942  0.4790E+05 431.561  0.3573E-06  0.9863E+00  0.8660E+04
