         64        1250  n2 & nume
   1        1.80    0.01000
   2        1.82    0.01000
   3        1.84    0.01000
   4        1.86    0.01000
   5        1.88    0.01000
   6        1.90    0.01000
   7        1.92    0.01000
   8        1.94    0.01000
   9        1.96    0.01000
  10        1.98    0.01000
  11        2.00    0.01000
  12        2.02    0.01000
  13        2.05    0.01000
  14        2.07    0.01000
  15        2.09    0.01000
  16        2.11    0.01000
  17        2.14    0.01000
  18        2.16    0.01000
  19        2.18    0.01000
  20        2.21    0.01000
  21        2.23    0.01000
  22        2.25    0.01000
  23        2.28    0.01000
  24        2.30    0.01000
  25        2.33    0.01000
  26        2.35    0.01000
  27        2.38    0.01000
  28        2.41    0.01000
  29        2.43    0.01000
  30        2.46    0.01000
  31        2.49    0.01000
  32        2.51    0.01000
  33        2.54    0.01000
  34        2.57    0.01000
  35        2.60    0.01000
  36        2.62    0.01000
  37        2.65    0.01000
  38        2.68    0.01000
  39        2.71    0.01000
  40        2.74    0.01000
  41        2.77    0.01000
  42        2.80    0.01000
  43        2.83    0.01000
  44        2.86    0.01000
  45        2.89    0.01000
  46        2.92    0.01000
  47        2.96    0.01000
  48        2.99    0.01000
  49        3.02    0.01000
  50        3.05    0.01000
  51        3.09    0.01000
  52        3.12    0.01000
  53        3.15    0.01000
  54        3.19    0.01000
  55        3.22    0.01000
  56        3.26    0.01000
  57        3.29    0.01000
  58        3.33    0.01000
  59        3.37    0.01000
  60        3.40    0.01000
  61        3.44    0.01000
  62        3.48    0.01000
  63        3.51    0.01000
  64        3.55    0.01000
  65        3.59    0.01000
  66        3.63    0.01023
  67        3.67    0.01053
  68        3.71    0.01089
  69        3.75    0.01142
  70        3.79    0.01194
  71        3.83    0.01219
  72        3.87    0.01237
  73        3.92    0.01272
  74        3.96    0.01334
  75        4.00    0.01396
  76        4.05    0.01441
  77        4.09    0.01485
  78        4.13    0.01532
  79        4.18    0.01579
  80        4.23    0.01631
  81        4.27    0.01686
  82        4.32    0.01746
  83        4.36    0.01816
  84        4.41    0.01891
  85        4.46    0.01977
  86        4.51    0.02068
  87        4.56    0.02172
  88        4.61    0.02281
  89        4.66    0.02407
  90        4.71    0.02569
  91        4.76    0.02909
  92        4.81    0.03225
  93        4.86    0.03453
  94        4.92    0.03674
  95        4.97    0.03879
  96        5.02    0.04082
  97        5.08    0.04283
  98        5.13    0.04485
  99        5.19    0.04689
 100        5.25    0.04898
 101        5.30    0.05110
 102        5.36    0.05331
 103        5.42    0.05556
 104        5.48    0.05790
 105        5.54    0.06033
 106        5.60    0.06283
 107        5.66    0.06547
 108        5.72    0.06819
 109        5.78    0.07103
 110        5.85    0.07401
 111        5.91    0.07709
 112        5.98    0.08037
 113        6.04    0.08382
 114        6.11    0.08737
 115        6.17    0.09096
 116        6.24    0.09485
 117        6.31    0.09895
 118        6.38    0.10309
 119        6.45    0.10760
 120        6.52    0.11232
 121        6.59    0.11708
 122        6.66    0.12274
 123        6.73    0.12863
 124        6.80    0.13463
 125        6.88    0.14113
 126        6.95    0.14770
 127        7.03    0.15454
 128        7.11    0.16177
 129        7.18    0.16907
 130        7.26    0.17697
 131        7.34    0.18510
 132        7.42    0.19352
 133        7.50    0.20260
 134        7.58    0.21178
 135        7.67    0.22177
 136        7.75    0.23205
 137        7.83    0.24283
 138        7.92    0.25434
 139        8.01    0.26605
 140        8.09    0.27896
 141        8.18    0.29201
 142        8.27    0.30621
 143        8.36    0.32085
 144        8.45    0.33647
 145        8.54    0.35291
 146        8.64    0.37018
 147        8.73    0.38866
 148        8.82    0.40783
 149        8.92    0.42863
 150        9.02    0.45005
 151        9.12    0.47347
 152        9.22    0.49754
 153        9.32    0.52397
 154        9.42    0.55117
 155        9.52    0.58104
 156        9.62    0.61198
 157        9.73    0.64582
 158        9.83    0.68127
 159        9.94    0.71971
 160       10.05    0.76066
 161       10.16    0.80452
 162       10.27    0.85233
 163       10.38    0.90271
 164       10.49    0.96027
 165       10.61    1.02057
 166       10.72    1.09100
 167       10.84    1.16446
 168       10.96    1.24292
 169       11.08    1.32787
 170       11.20    1.41671
 171       11.32    1.51607
 172       11.44    1.62054
 173       11.57    1.73325
 174       11.70    1.85688
 175       11.82    1.98766
 176       11.95    2.13229
 177       12.08    2.28949
 178       12.21    2.45710
 179       12.35    2.64539
 180       12.48    2.85045
 181       12.62    3.07126
 182       12.75    3.32049
 183       12.89    3.59589
 184       13.03    3.89609
 185       13.17    4.23231
 186       13.32    4.61484
 187       13.46    5.03838
 188       13.61    5.50794
 189       13.76    6.05709
 190       13.91    6.69266
 191       14.06    7.41317
 192       14.21    8.22306
 193       14.37    9.14129
 194       14.52   10.17556
 195       14.68   11.32763
 196       14.84   12.61008
 197       15.00   14.03687
 198       15.17   15.66301
 199       15.33   17.46468
 200       15.50   19.44187
 201       15.67   21.59007
 202       15.84   23.89244
 203       16.01   26.31435
 204       16.18   28.78729
 205       16.36   31.18806
 206       16.54   33.39155
 207       16.72   35.26414
 208       16.90   36.68055
 209       17.09   37.54571
 210       17.27   37.81425
 211       17.46   37.50028
 212       17.65   36.67289
 213       17.84   35.43872
 214       18.04   33.91928
 215       18.23   32.23094
 216       18.43   30.47229
 217       18.63   28.71991
 218       18.83   27.02926
 219       19.04   25.43980
 220       19.25   23.98319
 221       19.46   22.70089
 222       19.67   21.83756
 223       19.88   20.40575
 224       20.10   17.97206
 225       20.32   16.47641
 226       20.54   15.09748
 227       20.76   14.32123
 228       20.99   13.53653
 229       21.22   12.40428
 230       21.45   11.24289
 231       21.68   10.48241
 232       21.92    9.83068
 233       22.16    9.31280
 234       22.40    8.86304
 235       22.64    8.46503
 236       22.89    8.10347
 237       23.14    7.77561
 238       23.39    7.47472
 239       23.64    7.19944
 240       23.90    6.94328
 241       24.16    6.70893
 242       24.43    6.48695
 243       24.69    6.28495
 244       24.96    6.08950
 245       25.23    5.91056
 246       25.51    5.73431
 247       25.78    5.61034
 248       26.07    5.49009
 249       26.35    5.38532
 250       26.64    5.28684
 251       26.93    5.19558
 252       27.22    5.11329
 253       27.52    5.03407
 254       27.82    4.96434
 255       28.12    4.89739
 256       28.42    4.83526
 257       28.73    4.77823
 258       29.05    4.72342
 259       29.36    4.67353
 260       29.68    4.62514
 261       30.01    4.57796
 262       30.33    4.53998
 263       30.66    4.50160
 264       31.00    4.46279
 265       31.34    4.42972
 266       31.68    4.39634
 267       32.02    4.36295
 268       32.37    4.33452
 269       32.72    4.30578
 270       33.08    4.27771
 271       33.44    4.25283
 272       33.80    4.22767
 273       34.17    4.20389
 274       34.54    4.18177
 275       34.92    4.15941
 276       35.30    4.13907
 277       35.68    4.11911
 278       36.07    4.09938
 279       36.47    4.08135
 280       36.86    4.06312
 281       37.26    4.04595
 282       37.67    4.02925
 283       38.08    4.01268
 284       38.49    3.99722
 285       38.91    3.98159
 286       39.34    3.96683
 287       39.77    3.95218
 288       40.20    3.93787
 289       40.64    3.92401
 290       41.08    3.91016
 291       41.53    3.89692
 292       41.98    3.88353
 293       42.44    3.87072
 294       42.90    3.85781
 295       43.36    3.84527
 296       43.84    3.83273
 297       44.31    3.82044
 298       44.80    3.80820
 299       45.28    3.79611
 300       45.78    3.78409
 301       46.28    3.77217
 302       46.78    3.76029
 303       47.29    3.74850
 304       47.80    3.73675
 305       48.33    3.72505
 306       48.85    3.71335
 307       49.38    3.70173
 308       49.92    3.69006
 309       50.46    3.67848
 310       51.01    3.66683
 311       51.57    3.65526
 312       52.13    3.64362
 313       52.70    3.63201
 314       53.27    3.62036
 315       53.85    3.60869
 316       54.44    3.59703
 317       55.03    3.58528
 318       55.63    3.57360
 319       56.24    3.56184
 320       56.85    3.55006
 321       57.47    3.53826
 322       58.09    3.52641
 323       58.73    3.51455
 324       59.37    3.50267
 325       60.01    3.49073
 326       60.67    3.47878
 327       61.33    3.46677
 328       62.00    3.45471
 329       62.67    3.44267
 330       63.35    3.43058
 331       64.04    3.41843
 332       64.74    3.40627
 333       65.44    3.39406
 334       66.16    3.38180
 335       66.88    3.36954
 336       67.61    3.35729
 337       68.34    3.34499
 338       69.09    3.33262
 339       69.84    3.32026
 340       70.60    3.30784
 341       71.37    3.29541
 342       72.15    3.28297
 343       72.93    3.27048
 344       73.73    3.25800
 345       74.53    3.24551
 346       75.34    3.23299
 347       76.16    3.22043
 348       76.99    3.20783
 349       77.83    3.19527
 350       78.68    3.18265
 351       79.53    3.17001
 352       80.40    3.15737
 353       81.27    3.14472
 354       82.16    3.13204
 355       83.05    3.11931
 356       83.96    3.10654
 357       84.87    3.09375
 358       85.80    3.08087
 359       86.73    3.06800
 360       87.67    3.05511
 361       88.63    3.04210
 362       89.59    3.02900
 363       90.57    3.01578
 364       91.56    3.00246
 365       92.55    2.98895
 366       93.56    2.97514
 367       94.58    2.96099
 368       95.61    2.94627
 369       96.65    2.93060
 370       97.70    2.91154
 371       98.77    2.89272
 372       99.84    2.19483
 373      100.93    2.33233
 374      102.03    2.49526
 375      103.14    2.66002
 376      104.26    2.82663
 377      105.40    2.99509
 378      106.55    3.16543
 379      107.71    3.33767
 380      108.88    3.51183
 381      110.06    3.69494
 382      111.26    3.88455
 383      112.47    4.05746
 384      113.70    4.20442
 385      114.94    4.32485
 386      116.19    4.42727
 387      117.45    4.51871
 388      118.73    4.60413
 389      120.03    4.68720
 390      121.33    4.77039
 391      122.65    4.85600
 392      123.99    4.94351
 393      125.34    5.03477
 394      126.71    5.12902
 395      128.09    5.22692
 396      129.48    5.32773
 397      130.89    5.43148
 398      132.32    5.53745
 399      133.76    5.64531
 400      135.21    5.75465
 401      136.68    5.86423
 402      138.17    5.97484
 403      139.68    6.08359
 404      141.20    6.19260
 405      142.74    6.29923
 406      144.29    6.40438
 407      145.86    6.50737
 408      147.45    6.60683
 409      149.06    6.81681
 410      150.68    7.08085
 411      152.32    7.34539
 412      153.98    7.60816
 413      155.66    7.86915
 414      157.35    8.13045
 415      159.06    8.26335
 416      160.80    8.36784
 417      162.55    8.47071
 418      164.32    8.56995
 419      166.11    8.66337
 420      167.91    8.75486
 421      169.74    8.84378
 422      171.59    8.93226
 423      173.46    9.02137
 424      175.35    9.10848
 425      177.26    9.19494
 426      179.19    9.27918
 427      181.14    9.36099
 428      183.11    9.44185
 429      185.11    9.52128
 430      187.12    9.59483
 431      189.16    9.66670
 432      191.22    9.73766
 433      193.30    9.80277
 434      195.41    9.86541
 435      197.53    9.92608
 436      199.69    9.98263
 437      201.86   10.03572
 438      204.06   10.08727
 439      206.28   10.13579
 440      208.53   10.18055
 441      210.80   10.22335
 442      213.09   10.26375
 443      215.41   10.30155
 444      217.76   10.33753
 445      220.13   10.37102
 446      222.53   10.40219
 447      224.95   10.43141
 448      227.40   10.45905
 449      229.88   10.48506
 450      232.38   10.50743
 451      234.91   10.52700
 452      237.47   10.54674
 453      240.05   10.56671
 454      242.67   10.58692
 455      245.31   10.60488
 456      247.98   10.61776
 457      250.68   10.63024
 458      253.41   10.64287
 459      256.17   10.65566
 460      258.96   10.66688
 461      261.78   10.67420
 462      264.63   10.68116
 463      267.51   10.68822
 464      270.43   10.69536
 465      273.37   10.70020
 466      276.35   10.70270
 467      279.36   10.70525
 468      282.40   10.70784
 469      285.47   10.71003
 470      288.58   10.70881
 471      291.72   10.70740
 472      294.90   10.70599
 473      298.11   10.70458
 474      301.36   10.70028
 475      304.64   10.69522
 476      307.96   10.69013
 477      311.31   10.68499
 478      314.70   10.67769
 479      318.13   10.66936
 480      321.59   10.66095
 481      325.09   10.65246
 482      328.63   10.64205
 483      332.21   10.63082
 484      335.83   10.61948
 485      339.49   10.60803
 486      343.18   10.59474
 487      346.92   10.58114
 488      350.70   10.56740
 489      354.52   10.55317
 490      358.38   10.53742
 491      362.28   10.52143
 492      366.22   10.50527
 493      370.21   10.48841
 494      374.24   10.47130
 495      378.32   10.45402
 496      382.44   10.43633
 497      386.60   10.41823
 498      390.81   10.39994
 499      395.07   10.38136
 500      399.37   10.36227
 501      403.72   10.34298
 502      408.12   10.32345
 503      412.56   10.30337
 504      417.05   10.28309
 505      421.59   10.26258
 506      426.18   10.24119
 507      430.83   10.21942
 508      435.52   10.19739
 509      440.26   10.17494
 510      445.05   10.15226
 511      449.90   10.12933
 512      454.80   10.10612
 513      459.75   10.08268
 514      464.76   10.05905
 515      469.82   10.03524
 516      474.93   10.01117
 517      480.11    9.98708
 518      485.33    9.96277
 519      490.62    9.93832
 520      495.96    9.91354
 521      501.36    9.88848
 522      506.82    9.86348
 523      512.34    9.83833
 524      517.92    9.81312
 525      523.56    9.78816
 526      529.26    9.76293
 527      535.02    9.73744
 528      540.85    9.71168
 529      546.74    9.68616
 530      552.69    9.66082
 531      558.71    9.63522
 532      564.80    9.60914
 533      570.95    9.58279
 534      577.16    9.55711
 535      583.45    9.53116
 536      589.80    9.50493
 537      596.22    9.47843
 538      602.72    9.45241
 539      609.28    9.42642
 540      615.91    9.40014
 541      622.62    9.37359
 542      629.40    9.34743
 543      636.25    9.32133
 544      643.18    9.29496
 545      650.19    9.26830
 546      657.27    9.24223
 547      664.42    9.21630
 548      671.66    9.19008
 549      678.97    9.16359
 550      686.37    9.13796
 551      693.84    9.11218
 552      701.40    9.08614
 553      709.03    9.06018
 554      716.75    9.03483
 555      724.56    9.00922
 556      732.45    8.98333
 557      740.43    8.95809
 558      748.49    8.93283
 559      756.64    8.90730
 560      764.88    8.88199
 561      773.21    8.85707
 562      781.63    8.83189
 563      790.14    8.80681
 564      798.74    8.78306
 565      807.44    8.75906
 566      816.23    8.73480
 567      825.12    8.71028
 568      834.11    8.68554
 569      843.19    8.66060
 570      852.37    8.63540
 571      861.65    8.61144
 572      871.03    8.58847
 573      880.52    8.56526
 574      890.11    8.54179
 575      899.80    8.51808
 576      909.60    8.49411
 577      919.50    8.46989
 578      929.52    8.44663
 579      939.64    8.42438
 580      949.87    8.40190
 581      960.21    8.37917
 582      970.67    8.35629
 583      981.24    8.33333
 584      991.92    8.31013
 585     1002.73    8.28881
 586     1013.64    8.26742
 587     1024.68    8.24579
 588     1035.84    8.22393
 589     1047.12    8.20183
 590     1058.52    8.17950
 591     1070.05    8.15864
 592     1081.70    8.13794
 593     1093.48    8.11702
 594     1105.39    8.09595
 595     1117.42    8.07495
 596     1129.59    8.05388
 597     1141.89    8.03433
 598     1154.33    8.01457
 599     1166.90    7.99460
 600     1179.60    7.97441
 601     1192.45    7.95401
 602     1205.43    7.93454
 603     1218.56    7.91543
 604     1231.83    7.89612
 605     1245.24    7.87673
 606     1258.80    7.85731
 607     1272.51    7.83858
 608     1286.37    7.82035
 609     1300.37    7.80192
 610     1314.53    7.78329
 611     1328.85    7.76446
 612     1343.32    7.74650
 613     1357.95    7.72873
 614     1372.73    7.71078
 615     1387.68    7.69291
 616     1402.79    7.67508
 617     1418.07    7.65822
 618     1433.51    7.64118
 619     1449.12    7.62395
 620     1464.90    7.60654
 621     1480.85    7.59029
 622     1496.98    7.57430
 623     1513.28    7.55819
 624     1529.76    7.54229
 625     1546.41    7.52622
 626     1563.25    7.50997
 627     1580.28    7.49356
 628     1597.48    7.47696
 629     1614.88    7.46141
 630     1632.46    7.44660
 631     1650.24    7.43164
 632     1668.21    7.41651
 633     1686.38    7.40122
 634     1704.74    7.38577
 635     1723.30    7.37015
 636     1742.07    7.35447
 637     1761.04    7.34033
 638     1780.22    7.32604
 639     1799.60    7.31237
 640     1819.20    7.29872
 641     1839.01   12.26548
 642     1859.03   12.22367
 643     1879.28   12.18171
 644     1899.74   12.14083
 645     1920.43   12.09965
 646     1941.34   12.05820
 647     1962.48   12.01647
 648     1983.85   11.97448
 649     2005.45   11.93223
 650     2027.29   11.89062
 651     2049.36   11.84926
 652     2071.68   11.80798
 653     2094.24   11.76664
 654     2117.04   11.72509
 655     2140.10   11.68336
 656     2163.40   11.64218
 657     2186.96   11.60131
 658     2210.77   11.56028
 659     2234.85   11.51911
 660     2259.18   11.47780
 661     2283.78   11.43635
 662     2308.65   11.39578
 663     2333.79   11.35527
 664     2359.21   11.31505
 665     2384.90   11.27475
 666     2410.87   11.23435
 667     2437.12   11.19443
 668     2463.66   11.15483
 669     2490.49   11.11515
 670     2517.60   11.07542
 671     2545.02   11.03564
 672     2572.73   10.99627
 673     2600.75   10.95726
 674     2629.07   10.91866
 675     2657.70   10.88004
 676     2686.64   10.84140
 677     2715.89   10.80324
 678     2745.47   10.76523
 679     2775.36   10.72722
 680     2805.59   10.68921
 681     2836.14   10.65144
 682     2867.02   10.61453
 683     2898.24   10.57797
 684     2929.80   10.54151
 685     2961.70   10.50508
 686     2993.95   10.46868
 687     3026.56   10.43232
 688     3059.51   10.39599
 689     3092.83   10.35971
 690     3126.51   10.32430
 691     3160.55   10.28925
 692     3194.97   10.25427
 693     3229.76   10.21936
 694     3264.93   10.18451
 695     3300.48   10.14973
 696     3336.42   10.11501
 697     3372.75   10.08035
 698     3409.48   10.04670
 699     3446.61   10.01347
 700     3484.14    9.98039
 701     3522.08    9.94741
 702     3560.43    9.91451
 703     3599.20    9.88170
 704     3638.39    9.84898
 705     3678.01    9.81701
 706     3718.06    9.78541
 707     3758.55    9.75394
 708     3799.48    9.72258
 709     3840.85    9.69131
 710     3882.68    9.66015
 711     3924.96    9.62921
 712     3967.70    9.59895
 713     4010.90    9.56890
 714     4054.58    9.53896
 715     4098.73    9.50913
 716     4143.36    9.47941
 717     4188.48    9.44981
 718     4234.09    9.42131
 719     4280.20    9.39311
 720     4326.80    9.36504
 721     4373.92    9.33709
 722     4421.55    9.30927
 723     4469.70    9.28157
 724     4518.37    9.25404
 725     4567.57    9.22678
 726     4617.31    9.19964
 727     4667.59    9.17262
 728     4718.41    9.14572
 729     4769.79    9.11895
 730     4821.73    9.09229
 731     4874.24    9.06583
 732     4927.32    9.04049
 733     4980.97    9.01542
 734     5035.21    8.99047
 735     5090.04    8.96566
 736     5145.47    8.94096
 737     5201.50    8.91640
 738     5258.14    8.89195
 739     5315.40    8.86763
 740     5373.28    8.84343
 741     5431.79    8.81934
 742     5490.94    8.79538
 743     5550.73    8.77153
 744     5611.17    8.74880
 745     5672.27    8.72664
 746     5734.04    8.70460
 747     5796.48    8.68242
 748     5859.60    8.66091
 749     5923.41    8.63954
 750     5987.91    8.61830
 751     6053.11    8.59689
 752     6119.03    8.57590
 753     6185.66    8.55503
 754     6253.01    8.53447
 755     6321.11    8.51475
 756     6389.94    8.49530
 757     6459.52    8.47598
 758     6529.86    8.45678
 759     6600.96    8.43771
 760     6672.84    8.41875
 761     6745.51    8.39992
 762     6818.96    8.38121
 763     6893.21    8.36262
 764     6968.28    8.34462
 765     7044.16    8.32699
 766     7120.86    8.30952
 767     7198.40    8.29221
 768     7276.79    8.27482
 769     7356.03    8.25783
 770     7436.13    8.24100
 771     7517.10    8.22431
 772     7598.96    8.20861
 773     7681.71    8.19264
 774     7765.36    8.17687
 775     7849.91    8.16129
 776     7935.39    8.14591
 777     8021.81    8.13073
 778     8109.16    8.11574
 779     8197.46    8.10093
 780     8286.72    8.08632
 781     8376.96    8.07189
 782     8468.18    8.05765
 783     8560.39    8.04358
 784     8653.61    8.02970
 785     8747.84    8.01580
 786     8843.10    8.00228
 787     8939.39    7.98892
 788     9036.74    7.97575
 789     9135.14    7.96274
 790     9234.62    7.94989
 791     9335.17    7.93722
 792     9436.83    7.92471
 793     9539.59    7.91236
 794     9643.47    7.90018
 795     9748.48    7.88815
 796     9854.63    7.87628
 797     9961.94    7.86456
 798    10070.42    7.85300
 799    10180.08    7.84159
 800    10290.93    7.83033
 801    10403.00    7.81922
 802    10516.28    7.80810
 803    10630.79    7.79728
 804    10746.55    7.78660
 805    10863.58    7.77607
 806    10981.87    7.76568
 807    11101.46    7.75542
 808    11222.34    7.74530
 809    11344.55    7.73531
 810    11468.08    7.72546
 811    11592.96    7.71573
 812    11719.20    7.70614
 813    11846.81    7.69668
 814    11975.82    7.68734
 815    12106.22    7.67813
 816    12238.05    7.66904
 817    12371.32    7.66007
 818    12506.03    7.65122
 819    12642.21    7.64238
 820    12779.88    7.63377
 821    12919.04    7.62528
 822    13059.72    7.61690
 823    13201.93    7.60863
 824    13345.69    7.60048
 825    13491.02    7.59243
 826    13637.92    7.58450
 827    13786.43    7.57667
 828    13936.56    7.56895
 829    14088.32    7.56133
 830    14241.73    7.55382
 831    14396.81    7.54640
 832    14553.58    7.53909
 833    14712.06    7.53188
 834    14872.26    7.52477
 835    15034.21    7.51775
 836    15197.92    7.51074
 837    15363.42    7.50391
 838    15530.71    7.49718
 839    15699.83    7.49054
 840    15870.79    7.48399
 841    16043.61    7.47753
 842    16218.32    7.47116
 843    16394.92    7.46487
 844    16573.45    7.45867
 845    16753.93    7.45255
 846    16936.36    7.44652
 847    17120.79    7.44057
 848    17307.22    7.43471
 849    17495.69    7.42892
 850    17686.20    7.42321
 851    17878.79    7.41758
 852    18073.48    7.41196
 853    18270.29    7.40649
 854    18469.24    7.40109
 855    18670.35    7.39576
 856    18873.66    7.39051
 857    19079.18    7.38533
 858    19286.94    7.38022
 859    19496.96    7.37518
 860    19709.27    7.37021
 861    19923.89    7.36531
 862    20140.85    7.36047
 863    20360.17    7.35571
 864    20581.87    7.35100
 865    20805.99    7.34637
 866    21032.56    7.34179
 867    21261.59    7.33728
 868    21493.11    7.33283
 869    21727.15    7.32840
 870    21963.75    7.32407
 871    22202.92    7.31980
 872    22444.69    7.31559
 873    22689.10    7.31144
 874    22936.17    7.30735
 875    23185.92    7.30331
 876    23438.40    7.29933
 877    23693.63    7.29540
 878    23951.64    7.29153
 879    24212.46    7.28770
 880    24476.11    7.28394
 881    24742.64    7.28022
 882    25012.07    7.27656
 883    25284.43    7.27294
 884    25559.76    7.26938
 885    25838.09    7.26586
 886    26119.45    7.26236
 887    26403.87    7.25894
 888    26691.39    7.25557
 889    26982.04    7.25224
 890    27275.86    7.24896
 891    27572.87    7.24572
 892    27873.12    7.24253
 893    28176.64    7.23938
 894    28483.46    7.23628
 895    28793.63    7.23322
 896    29107.17    7.23020
 897    29424.13    7.22722
 898    29744.54    7.22428
 899    30068.43    7.22138
 900    30395.86    7.16867
 901    30726.85    7.16682
 902    31061.44    7.16499
 903    31399.68    7.16318
 904    31741.60    7.16139
 905    32087.24    7.15962
 906    32436.65    7.15787
 907    32789.86    7.15614
 908    33146.92    7.15443
 909    33507.86    7.15274
 910    33872.74    7.15107
 911    34241.59    7.14941
 912    34614.46    7.14778
 913    34991.38    7.14616
 914    35372.41    7.14456
 915    35757.59    7.14298
 916    36146.97    7.14141
 917    36540.58    7.13986
 918    36938.48    7.13833
 919    37340.72    7.13682
 920    37747.33    7.13532
 921    38158.38    7.13385
 922    38573.89    7.13238
 923    38993.94    7.13093
 924    39418.55    7.12950
 925    39847.79    7.12809
 926    40281.71    7.12669
 927    40720.35    7.12531
 928    41163.76    7.12394
 929    41612.01    7.12258
 930    42065.13    7.12124
 931    42523.19    7.11992
 932    42986.24    7.11861
 933    43454.33    7.11732
 934    43927.52    7.11604
 935    44405.86    7.11477
 936    44889.40    7.11352
 937    45378.21    7.11228
 938    45872.35    7.11106
 939    46371.87    7.10985
 940    46876.82    7.10865
 941    47387.28    7.10746
 942    47903.30    7.10629
 943    48424.93    7.10513
 944    48952.24    7.10399
 945    49485.30    7.10285
 946    50024.16    7.10173
 947    50568.88    7.10062
 948    51119.54    7.09953
 949    51676.20    7.09844
 950    52238.92    7.09737
 951    52807.76    7.09631
 952    53382.80    7.09526
 953    53964.10    7.09423
 954    54551.73    7.09320
 955    55145.76    7.09219
 956    55746.26    7.09118
 957    56353.30    7.09019
 958    56966.95    7.08921
 959    57587.28    7.08824
 960    58214.36    7.08728
 961    58848.28    7.08633
 962    59489.09    7.08539
 963    60136.89    7.08446
 964    60791.73    7.08354
 965    61453.71    7.08263
 966    62122.90    7.08174
 967    62799.38    7.08085
 968    63483.21    7.07997
 969    64174.50    7.07910
 970    64873.32    7.07824
 971    65579.74    7.07739
 972    66293.86    7.07655
 973    67015.75    7.07572
 974    67745.51    7.07489
 975    68483.21    7.07408
 976    69228.95    7.07328
 977    69982.80    7.07248
 978    70744.86    7.07169
 979    71515.22    7.07091
 980    72293.97    7.07014
 981    73081.20    7.06938
 982    73877.00    7.06863
 983    74681.47    7.06789
 984    75494.70    7.06715
 985    76316.78    7.06642
 986    77147.82    7.06570
 987    77987.91    7.06499
 988    78837.14    7.06428
 989    79695.63    7.06358
 990    80563.45    7.06289
 991    81440.73    7.06221
 992    82327.56    7.06154
 993    83224.05    7.06087
 994    84130.30    7.06021
 995    85046.42    7.05956
 996    85972.52    7.05891
 997    86908.70    7.05827
 998    87855.07    7.05764
 999    88811.75    7.05701
1000    89778.84    7.05640
1001    90756.47    7.05578
1002    91744.74    7.05518
1003    92743.78    7.05458
1004    93753.70    7.05399
1005    94774.61    7.05341
1006    95806.64    7.05283
1007    96849.91    7.05225
1008    97904.53    7.05169
1009    98970.64    7.05113
1010   100048.36    7.05057
1011   101137.81    7.05003
1012   102239.13    7.04948
1013   103352.45    7.04895
1014   104477.88    7.04842
1015   105615.57    7.04789
1016   106765.65    7.04737
1017   107928.25    7.04686
1018   109103.52    7.04635
1019   110291.58    7.04585
1020   111492.58    7.04536
1021   112706.66    7.04486
1022   113933.95    7.04438
1023   115174.61    7.04390
1024   116428.78    7.04342
1025   117696.61    7.04295
1026   118978.24    7.04249
1027   120273.83    7.04203
1028   121583.52    7.04157
1029   122907.48    7.04112
1030   124245.86    7.04068
1031   125598.81    7.04024
1032   126966.49    7.03980
1033   128349.07    7.03937
1034   129746.70    7.03895
1035   131159.55    7.03852
1036   132587.78    7.03811
1037   134031.56    7.03770
1038   135491.08    7.03729
1039   136966.48    7.03688
1040   138457.95    7.03649
1041   139965.66    7.03609
1042   141489.78    7.03570
1043   143030.50    7.03531
1044   144588.00    7.03493
1045   146162.45    7.03455
1046   147754.06    7.03418
1047   149363.00    7.03381
1048   150989.45    7.03345
1049   152633.63    7.03308
1050   154295.70    7.03273
1051   155975.88    7.03237
1052   157674.34    7.03202
1053   159391.31    7.03168
1054   161126.97    7.03133
1055   162881.53    7.03100
1056   164655.20    7.03066
1057   166448.19    7.03033
1058   168260.69    7.03000
1059   170092.92    7.02968
1060   171945.11    7.02936
1061   173817.47    7.02904
1062   175710.22    7.02872
1063   177623.58    7.02841
1064   179557.77    7.02811
1065   181513.02    7.02780
1066   183489.56    7.02750
1067   185487.64    7.02721
1068   187507.47    7.02691
1069   189549.30    7.02662
1070   191613.36    7.02633
1071   193699.89    7.02605
1072   195809.14    7.02577
1073   197941.36    7.02549
1074   200096.80    7.02521
1075   202275.70    7.02494
1076   204478.34    7.02467
1077   206704.97    7.02441
1078   208955.84    7.02414
1079   211231.22    7.02388
1080   213531.38    7.02362
1081   215856.58    7.02337
1082   218207.11    7.02312
1083   220583.23    7.02287
1084   222985.23    7.02262
1085   225413.39    7.02237
1086   227867.98    7.02213
1087   230349.31    7.02189
1088   232857.66    7.02166
1089   235393.31    7.02142
1090   237956.58    7.02119
1091   240547.75    7.02096
1092   243167.14    7.02074
1093   245815.06    7.02051
1094   248491.81    7.02029
1095   251197.72    7.02007
1096   253933.08    7.01986
1097   256698.23    7.01964
1098   259493.50    7.01943
1099   262319.19    7.01922
1100   265175.66    7.01901
1101   268063.22    7.01881
1102   270982.25    7.01860
1103   273933.06    7.01840
1104   276916.00    7.01820
1105   279931.41    7.01801
1106   282979.66    7.01781
1107   286061.09    7.01762
1108   289176.09    7.01743
1109   292325.03    7.01724
1110   295508.25    7.01706
1111   298726.13    7.01687
1112   301979.03    7.01669
1113   305267.38    7.01651
1114   308591.53    7.01633
1115   311951.88    7.01616
1116   315348.81    7.01598
1117   318782.75    7.01581
1118   322254.06    7.01564
1119   325763.19    7.01547
1120   329310.53    7.01530
1121   332896.50    7.01514
1122   336521.50    7.01498
1123   340185.97    7.01481
1124   343890.34    7.01465
1125   347635.06    7.01449
1126   351420.56    7.01434
1127   355247.28    7.01418
1128   359115.69    7.01403
1129   363026.19    7.01388
1130   366979.28    7.01373
1131   370975.44    7.01358
1132   375015.09    7.01344
1133   379098.75    7.01329
1134   383226.88    7.01315
1135   387399.94    7.01301
1136   391618.44    7.01286
1137   395882.88    7.01273
1138   400193.75    7.01259
1139   404551.56    7.01245
1140   408956.84    7.01232
1141   413410.09    7.01219
1142   417911.84    7.01205
1143   422462.59    7.01192
1144   427062.91    7.01180
1145   431713.31    7.01167
1146   436414.38    7.01154
1147   441166.63    7.01142
1148   445970.63    7.01129
1149   450826.94    7.01117
1150   455736.13    7.01105
1151   460698.78    7.01093
1152   465715.47    7.01082
1153   470786.78    7.01070
1154   475913.31    7.01058
1155   481095.66    7.01047
1156   486334.44    7.01036
1157   491630.28    7.01024
1158   496983.78    7.01013
1159   502395.59    7.01003
1160   507866.31    7.00992
1161   513396.63    7.00981
1162   518987.16    7.00970
1163   524638.56    7.00960
1164   530351.50    7.00950
1165   536126.63    7.00939
1166   541964.69    7.00929
1167   547866.31    7.00919
1168   553832.19    7.00909
1169   559863.00    7.00900
1170   565959.50    7.00890
1171   572122.38    7.00880
1172   578352.38    7.00871
1173   584650.25    7.00861
1174   591016.69    7.00852
1175   597452.44    7.00843
1176   603958.25    7.00834
1177   610534.94    7.00825
1178   617183.25    7.00816
1179   623903.94    7.00807
1180   630697.81    7.00798
1181   637565.69    7.00790
1182   644508.31    7.00781
1183   651526.56    7.00773
1184   658621.25    7.00764
1185   665793.19    7.00756
1186   673043.19    7.00748
1187   680372.13    7.00740
1188   687780.88    7.00732
1189   695270.31    7.00724
1190   702841.31    7.00716
1191   710494.75    7.00709
1192   718231.56    7.00701
1193   726052.63    7.00693
1194   733958.81    7.00686
1195   741951.13    7.00679
1196   750030.44    7.00671
1197   758197.75    7.00664
1198   766454.00    7.00657
1199   774800.13    7.00650
1200   783237.13    7.00643
1201   791766.00    7.00636
1202   800387.75    7.00629
1203   809103.38    7.00622
1204   817913.94    7.00616
1205   826820.44    7.00609
1206   835823.94    7.00602
1207   844925.44    7.00596
1208   854126.06    7.00589
1209   863426.88    7.00583
1210   872829.00    7.00577
1211   882333.50    7.00570
1212   891941.50    7.00564
1213   901654.13    7.00558
1214   911472.50    7.00552
1215   921397.81    7.00546
1216   931431.19    7.00540
1217   941573.81    7.00535
1218   951826.88    7.00529
1219   962191.63    7.00523
1220   972669.19    7.00518
1221   983260.88    7.00512
1222   993967.88    7.00506
1223  1004791.50    7.00501
1224  1015732.94    7.00496
1225  1026793.56    7.00490
1226  1037974.63    7.00485
1227  1049277.38    7.00480
1228  1060703.25    7.00475
1229  1072253.50    7.00469
1230  1083929.63    7.00464
1231  1095732.88    7.00459
1232  1107664.63    7.00454
1233  1119726.25    7.00450
1234  1131919.25    7.00445
1235  1144245.00    7.00440
1236  1156705.00    7.00435
1237  1169300.75    7.00430
1238  1182033.63    7.00426
1239  1194905.13    7.00421
1240  1207916.75    7.00417
1241  1221070.13    7.00412
1242  1234366.75    7.00408
1243  1247808.13    7.00403
1244  1261395.88    7.00399
1245  1275131.63    7.00395
1246  1289016.88    7.00390
1247  1303053.38    7.00386
1248  1317242.75    7.00382
1249  1331586.63    7.00378
1250  1346086.63    7.00374
