!
!------ EMERC 
!
         EMERC, Phys Rev B 7, 1798 (1973)
    12:05:51  27-APR-86          constant energy loss
    175   chisq= 0.3326  g= 0.18000 sif=   2.7864
 rs=  2.0052   Fermi k=  0.9570   F E=  0.4580   om=  0.6099
   1    1.7959    0.000000    0.000000
   2    1.8155    0.000000    0.000000
   3    1.8352    0.000000    0.000000
 ................
  20    2.2062    0.000000    0.000000
  21    2.2303    0.000000    0.000000
  22    2.2545    0.000983    0.000475
  23    2.2791    0.001014    0.001417
  24    2.3039    0.001046    0.002369
 ................
 173   11.5691    0.096842    0.308556
 174   11.6951    0.100158    0.312211
 175   11.8225    0.103586    0.315894
!
!------ MACOM 
!
         64        1250  n2 & nume
   1        1.80    0.01000
   2        1.82    0.01000
 ......
  64        3.55    0.01000
  65        3.59    0.01000
  66        3.63    0.01023
  67        3.67    0.01053
  68        3.71    0.01089
 ......
1248  1317242.75    7.00382
1249  1331586.63    7.00378
1250  1346086.63    7.00374
!
!------ HEPS 
!
         64        1250  n2 & nume
   1        1.796  1.436065E+01  9.813868E-02  4.758518E-04
   2        1.815  1.443997E+01  1.031727E-01  4.947776E-04
   3        1.835  1.452235E+01  1.085104E-01  5.144856E-04
 .......
1247  1303053.375  1.000000E+00  3.908096E-16  3.908096E-16
1248  1317242.750  1.000000E+00  3.739427E-16  3.739427E-16
1249  1331586.625  1.000000E+00  3.578038E-16  3.578038E-16
1250  1346086.625  1.000000E+00  3.423615E-16  3.423615E-16
